qt_l_click;qt_r_click;total_time_l_click;total_time_r_click;avg_time_l_click;avg_time_r_click;l_mov_count;r_mov_count;u_mov_count;d_mov_count;total_hor_dist;total_ver_dist;total_hor_time;total_ver_time;total_dist_l_mov;total_dist_r_mov;total_dist_u_mov;total_dist_d_mov;total_time_l_mov;total_time_r_mov;total_time_u_mov;total_time_d_mov;avg_time_l_mov;avg_time_r_mov;avg_time_u_mov;avg_time_d_mov;hor_speed;ver_speed;l_speed;r_speed;u_speed;d_speed;total_capture_time
4;46;0.99;6.51;0.02;0.14;67;77;76;83;22399;9999;16.55;16.17;11009;11390;4996;5003;7.85;8.70;7.11;9.06;0.12;0.11;0.09;0.11;1353.59;618.54;1402.43;1309.51;703.12;552.21;26.50
0;66;0.00;9.83;0.00;0.15;86;82;72;114;15355;9421;16.41;15.38;7525;7830;4899;4522;9.46;6.95;6.29;9.09;0.11;0.08;0.09;0.08;935.95;612.59;795.78;1126.68;779.12;497.41;26.54
1;61;0.10;9.65;0.00;0.16;76;77;58;87;18180;16606;19.26;18.68;9308;8872;8164;8442;9.44;9.82;6.63;12.05;0.12;0.13;0.11;0.14;943.78;889.01;985.81;903.37;1232.00;700.43;26.52
0;64;0.00;9.10;0.00;0.14;65;89;69;82;21607;15117;19.71;19.43;11032;10575;7324;7793;10.23;9.47;8.10;11.33;0.16;0.11;0.12;0.14;1096.47;778.08;1077.93;1116.51;903.95;688.05;26.54
1;42;0.11;6.46;0.00;0.15;63;71;73;92;13293;9738;14.75;14.03;6665;6628;4843;4895;7.41;7.34;6.07;7.96;0.12;0.10;0.08;0.09;901.41;694.00;899.79;903.05;797.29;615.16;26.48
3;59;0.31;8.37;0.01;0.14;100;88;90;78;19636;17317;18.71;18.71;9704;9932;8644;8673;9.39;9.32;10.10;8.60;0.09;0.11;0.11;0.11;1049.60;925.59;1033.42;1065.90;855.46;1007.95;26.54
1;63;0.12;9.70;0.00;0.15;58;74;71;75;30036;13624;19.54;19.00;14726;15310;7065;6559;8.91;10.63;10.77;8.23;0.15;0.14;0.15;0.11;1537.20;717.17;1652.20;1440.74;656.01;797.25;26.56
0;72;0.00;11.16;0.00;0.16;60;84;61;96;17906;12669;19.73;18.28;9004;8902;6446;6223;10.15;9.58;7.50;10.78;0.17;0.11;0.12;0.11;907.49;692.94;887.35;928.81;859.57;577.07;26.54
1;29;3.32;4.52;0.11;0.16;51;42;52;56;13192;9489;11.47;10.92;6328;6864;4587;4902;6.40;5.07;4.80;6.12;0.13;0.12;0.09;0.11;1150.28;868.88;989.52;1352.92;954.95;801.30;26.45
0;67;0.00;10.43;0.00;0.16;69;63;70;69;23719;14382;19.18;18.11;11690;12029;7356;7026;10.14;9.04;7.80;10.32;0.15;0.14;0.11;0.15;1236.85;794.01;1153.40;1330.39;943.38;681.11;26.63
3;14;0.38;2.08;0.03;0.15;61;53;55;66;16048;12748;14.05;13.53;7770;8278;6493;6255;8.00;6.05;5.26;8.28;0.13;0.11;0.10;0.13;1142.22;942.18;971.01;1368.73;1235.53;755.89;26.64
0;71;0.00;9.49;0.00;0.13;64;68;69;67;25643;18610;19.28;19.62;12984;12659;9057;9553;10.03;9.25;8.44;11.18;0.16;0.14;0.12;0.17;1330.36;948.55;1294.79;1368.94;1072.79;854.71;26.58
2;13;0.35;3.34;0.03;0.26;66;52;53;57;13295;7087;11.08;10.23;6217;7078;3867;3220;5.65;5.43;5.24;4.99;0.09;0.10;0.10;0.09;1199.38;692.46;1099.88;1302.90;737.62;645.03;26.56
0;55;0.00;9.54;0.00;0.17;73;75;89;59;19375;17269;18.62;17.85;9351;10024;8992;8277;9.60;9.02;9.25;8.60;0.13;0.12;0.10;0.15;1040.72;967.67;974.29;1111.41;972.11;962.90;26.54
0;36;0.00;6.20;0.00;0.17;89;64;96;63;14352;8972;14.51;13.93;7169;7183;4579;4393;8.58;5.94;8.29;5.64;0.10;0.09;0.09;0.09;988.94;644.27;836.01;1209.82;552.36;779.46;26.52
1;35;1.65;5.25;0.05;0.15;86;59;54;68;13438;10827;14.82;14.14;7207;6231;5443;5384;9.07;5.75;6.65;7.49;0.11;0.10;0.12;0.11;906.71;765.76;794.47;1083.80;818.20;719.16;26.61
3;57;0.29;10.32;0.01;0.18;56;65;67;76;28165;15921;18.80;18.43;13780;14385;8266;7655;9.29;9.51;7.76;10.67;0.17;0.15;0.12;0.14;1497.98;863.99;1483.68;1511.95;1065.44;717.50;26.74
1;61;0.05;10.61;0.00;0.17;62;66;69;73;24384;14932;19.41;18.57;12507;11877;7474;7458;9.76;9.65;8.63;9.93;0.16;0.15;0.13;0.14;1256.50;804.14;1281.84;1230.88;865.62;750.70;26.65
5;56;0.48;10.07;0.01;0.18;64;72;62;79;27678;15488;18.57;18.00;13656;14022;7783;7705;9.09;9.49;8.50;9.50;0.14;0.13;0.14;0.12;1490.41;860.41;1503.11;1478.24;915.41;811.18;26.59
0;27;0.00;4.70;0.00;0.17;68;66;68;49;16285;11837;12.73;12.56;8052;8233;6265;5572;7.05;5.68;6.54;6.02;0.10;0.09;0.10;0.12;1279.47;942.34;1142.65;1449.19;957.27;926.11;26.49
0;60;0.00;10.39;0.00;0.17;82;63;73;97;26056;13361;15.83;15.21;12763;13293;7045;6316;8.68;7.15;6.44;8.76;0.11;0.11;0.09;0.09;1646.11;878.59;1469.86;1860.28;1093.10;720.81;26.58
3;26;0.39;4.30;0.02;0.17;76;46;77;74;19187;8439;13.36;12.26;9354;9833;4275;4164;6.81;6.55;5.50;6.77;0.09;0.14;0.07;0.09;1436.65;688.19;1373.49;1502.36;777.79;615.41;26.59
0;68;0.00;8.96;0.00;0.13;80;84;78;75;14057;12150;16.85;16.88;6769;7288;6081;6069;7.48;9.37;8.48;8.40;0.09;0.11;0.11;0.11;834.10;719.86;904.35;777.98;717.37;722.38;26.68
2;23;0.18;3.10;0.01;0.13;58;52;57;54;6913;5765;9.98;10.20;3181;3732;2670;3095;5.35;4.63;4.83;5.37;0.09;0.09;0.08;0.10;693.02;565.36;594.66;806.76;553.04;576.44;26.20
1;61;0.53;9.91;0.01;0.16;72;81;70;84;9145;6427;14.04;13.13;4926;4219;3390;3037;6.89;7.15;6.53;6.60;0.10;0.09;0.09;0.08;651.45;489.55;715.09;590.13;519.51;459.94;26.30
0;30;0.00;5.20;0.00;0.17;64;67;62;59;3722;3914;10.80;9.51;2058;1664;2097;1817;5.43;5.37;5.15;4.35;0.08;0.08;0.08;0.07;344.57;411.72;379.13;309.66;406.82;417.53;26.24
0;41;0.00;5.73;0.00;0.14;84;64;92;67;7136;3846;13.84;12.68;3540;3596;1908;1938;8.08;5.76;6.57;6.11;0.10;0.09;0.07;0.09;515.60;303.36;437.97;624.60;290.55;317.13;26.22
2;50;0.20;8.29;0.00;0.17;84;62;73;68;8350;8976;15.04;14.82;4124;4226;4349;4627;7.45;7.59;7.02;7.80;0.09;0.12;0.10;0.11;555.07;605.85;553.61;556.51;619.86;593.25;26.19
2;31;1.48;5.08;0.05;0.16;74;71;65;87;11355;9735;12.87;12.36;5177;6178;4573;5162;5.66;7.21;5.78;6.58;0.08;0.10;0.09;0.08;882.37;787.57;914.08;857.44;791.32;784.27;26.25
0;80;0.00;13.57;0.00;0.17;88;96;90;126;7717;5900;15.55;14.45;4071;3646;2719;3181;7.13;8.42;6.62;7.84;0.08;0.09;0.07;0.06;496.14;408.18;570.85;432.88;410.94;405.85;26.25
0;57;0.00;8.71;0.00;0.15;66;64;48;77;6835;3566;8.84;9.15;3352;3483;1923;1643;4.44;4.41;3.44;5.71;0.07;0.07;0.07;0.07;772.87;389.71;755.46;790.40;558.98;287.73;26.21
3;58;1.70;12.80;0.03;0.22;83;64;94;75;13879;6821;16.05;14.97;6767;7112;3265;3556;7.16;8.90;6.30;8.67;0.09;0.14;0.07;0.12;864.51;455.50;945.39;799.44;517.96;410.09;26.25
0;28;0.00;5.19;0.00;0.19;56;70;60;78;13660;8478;12.91;12.49;6468;7192;4180;4298;6.06;6.85;4.79;7.70;0.11;0.10;0.08;0.10;1058.29;678.78;1067.65;1050.01;873.38;557.88;26.32
1;48;0.62;7.13;0.01;0.15;70;73;69;79;9661;7757;12.72;13.25;4806;4855;4038;3719;6.79;5.93;6.37;6.87;0.10;0.08;0.09;0.09;759.26;585.54;707.65;818.33;633.61;540.98;26.25
0;64;0.00;12.39;0.00;0.19;102;85;95;97;7149;7994;15.91;15.22;3891;3258;3940;4054;8.53;7.38;6.87;8.35;0.08;0.09;0.07;0.09;449.45;525.25;456.41;441.40;573.32;485.67;26.28
3;7;3.57;1.07;0.51;0.15;73;53;76;48;14957;5643;10.10;9.64;6909;8048;2660;2983;4.61;5.49;4.59;5.05;0.06;0.10;0.06;0.11;1481.24;585.43;1498.91;1466.40;579.37;590.95;26.21
0;53;0.00;9.18;0.00;0.17;70;73;70;77;8989;10725;14.64;14.15;4401;4588;5504;5221;7.06;7.57;7.63;6.52;0.10;0.10;0.11;0.08;614.14;757.79;623.08;605.79;721.09;800.76;26.28
0;73;0.00;10.25;0.00;0.14;69;94;74;80;5178;6941;11.81;12.79;2486;2692;3448;3493;5.20;6.61;5.87;6.93;0.08;0.07;0.08;0.09;438.35;542.49;477.88;407.24;587.83;504.11;26.32
1;47;0.73;13.71;0.02;0.29;110;66;57;107;9061;8324;13.65;13.93;3921;5140;3920;4404;8.05;5.60;5.38;8.55;0.07;0.08;0.09;0.08;663.72;597.56;486.97;917.85;728.76;515.03;26.28
1;21;0.04;2.86;0.00;0.14;52;40;45;45;8097;5974;8.44;8.26;3526;4571;2573;3401;4.29;4.15;4.01;4.25;0.08;0.10;0.09;0.09;959.83;723.26;822.32;1101.98;641.06;800.96;26.24
3;67;1.88;8.99;0.03;0.13;93;108;81;86;8352;9245;13.42;13.78;4340;4012;4740;4505;6.28;7.14;6.22;7.56;0.07;0.07;0.08;0.09;622.24;670.76;690.79;561.93;762.21;595.57;26.32
0;66;0.00;10.67;0.00;0.16;89;76;84;102;14890;8928;15.91;15.78;6932;7958;4225;4703;8.68;7.22;6.82;8.95;0.10;0.10;0.08;0.09;936.11;565.95;798.34;1101.74;619.34;525.28;26.29
4;68;1.30;11.52;0.02;0.17;69;92;60;97;7487;9045;13.13;13.24;3164;4323;4275;4770;5.88;7.25;5.81;7.43;0.09;0.08;0.10;0.08;570.00;683.38;537.79;596.14;735.82;642.36;26.29
0;65;0.00;11.62;0.00;0.18;100;66;69;98;10698;10560;16.76;16.02;5544;5154;5097;5463;8.46;8.30;5.87;10.15;0.08;0.13;0.09;0.10;638.14;659.26;655.17;620.77;868.74;538.18;26.24
1;8;0.10;1.02;0.01;0.13;50;44;58;40;13034;6853;9.62;8.06;6216;6818;3157;3696;4.58;5.05;4.78;3.28;0.09;0.11;0.08;0.08;1354.26;850.19;1358.62;1350.32;660.97;1125.39;26.29
1;66;0.09;9.23;0.00;0.14;64;70;62;80;10603;5843;12.67;12.15;5276;5327;3034;2809;5.88;6.79;5.74;6.41;0.09;0.10;0.09;0.08;836.89;480.92;897.43;784.47;528.56;438.26;26.29
0;58;0.00;9.82;0.00;0.17;70;63;76;70;10616;6923;13.68;11.73;5769;4847;3664;3259;7.35;6.32;5.51;6.22;0.11;0.10;0.07;0.09;776.11;589.97;784.49;766.37;664.90;523.62;26.38
1;22;0.42;3.39;0.02;0.15;61;65;58;58;13238;9173;13.09;12.42;6373;6865;4656;4517;6.63;6.46;5.90;6.52;0.11;0.10;0.10;0.11;1011.60;738.70;961.74;1062.75;789.05;693.11;26.40
4;65;0.88;10.42;0.01;0.16;109;66;98;91;10516;7239;14.80;14.13;5545;4971;3679;3560;9.80;5.01;6.91;7.22;0.09;0.08;0.07;0.08;710.37;512.35;566.00;992.85;532.49;493.07;26.59
8;13;4.37;1.89;0.34;0.15;51;43;49;65;7919;4026;8.34;8.28;3470;4449;1794;2232;4.35;4.00;3.99;4.29;0.09;0.09;0.08;0.07;949.22;486.08;798.15;1113.63;449.13;520.50;26.25
1;56;0.65;8.37;0.01;0.15;74;79;73;76;10832;6376;14.26;13.16;5175;5657;3173;3203;6.88;7.37;5.76;7.41;0.09;0.09;0.08;0.10;759.84;484.38;751.69;767.46;551.28;432.40;26.36
3;55;0.99;10.17;0.02;0.18;86;57;73;78;12034;7854;14.97;14.03;6331;5703;3799;4055;8.37;6.61;6.59;7.43;0.10;0.12;0.09;0.10;803.68;560.00;756.68;863.20;576.44;545.42;26.26
1;39;0.08;6.52;0.00;0.17;62;55;67;62;11327;6087;10.56;9.58;5598;5729;2895;3192;5.60;4.95;4.48;5.10;0.09;0.09;0.07;0.08;1073.02;635.10;999.32;1156.35;645.85;625.66;26.30
3;13;8.54;2.63;0.66;0.20;39;32;40;41;8219;6010;8.61;8.90;4697;3522;3172;2838;3.37;5.24;4.41;4.48;0.09;0.16;0.11;0.11;954.90;675.56;1394.57;672.25;718.97;632.85;26.54
0;36;0.00;8.43;0.00;0.23;73;76;77;63;9721;7987;13.12;12.65;4663;5058;3919;4068;6.06;7.06;6.54;6.12;0.08;0.09;0.08;0.10;740.93;631.36;769.74;716.22;599.66;665.24;26.41
0;65;0.00;11.08;0.00;0.17;67;74;68;101;12465;7148;14.15;12.58;5834;6631;3915;3233;6.86;7.29;5.35;7.23;0.10;0.10;0.08;0.07;880.91;568.14;850.25;909.77;731.69;447.12;26.38
2;76;0.44;11.19;0.01;0.15;64;84;83;71;13051;8342;13.05;12.82;6425;6626;3860;4482;5.70;7.35;6.04;6.78;0.09;0.09;0.07;0.10;999.96;650.51;1126.30;901.87;639.02;660.74;26.40
0;64;0.00;10.65;0.00;0.17;89;68;82;72;13520;8656;14.90;14.23;6520;7000;4189;4467;6.58;8.32;6.52;7.71;0.07;0.12;0.08;0.11;907.31;608.37;990.16;841.71;642.90;579.19;26.31
0;84;0.00;13.32;0.00;0.16;89;64;75;79;9291;5792;13.58;12.98;4090;5201;2692;3100;7.41;6.18;5.94;7.04;0.08;0.10;0.08;0.09;684.04;446.26;552.24;842.09;453.52;440.13;26.77
2;51;0.31;8.40;0.01;0.16;76;66;87;64;8251;5866;12.80;11.76;3728;4523;2693;3173;5.96;6.84;5.89;5.87;0.08;0.10;0.07;0.09;644.50;498.67;625.65;660.92;457.05;540.45;26.61
0;11;0.00;4.75;0.00;0.43;60;37;59;59;9801;4357;9.28;9.17;4976;4825;2408;1949;4.73;4.55;5.15;4.02;0.08;0.12;0.09;0.07;1056.28;474.94;1052.68;1060.03;467.61;484.33;26.51
6;8;2.74;1.69;0.34;0.21;47;46;49;58;7456;6143;9.88;9.52;3987;3469;2716;3427;5.64;4.24;4.68;4.83;0.12;0.09;0.10;0.08;754.70;645.54;706.52;818.87;580.17;708.83;26.29
0;63;0.00;9.73;0.00;0.15;64;67;65;73;16456;9408;15.24;14.45;8053;8403;4394;5014;6.87;8.37;6.32;8.13;0.11;0.12;0.10;0.11;1079.56;651.11;1171.94;1003.73;694.99;616.98;26.37
0;25;0.00;4.28;0.00;0.17;66;55;73;59;9648;6130;10.32;10.22;4718;4930;3160;2970;5.33;4.99;4.98;5.25;0.08;0.09;0.07;0.09;935.09;599.68;884.84;988.83;635.14;566.06;26.33
2;10;1.02;1.41;0.10;0.14;27;32;34;27;3785;3502;5.26;5.61;1742;2043;1987;1515;2.00;3.26;3.09;2.51;0.07;0.10;0.09;0.09;719.45;624.61;869.70;627.08;642.63;602.45;26.25
0;61;0.00;9.59;0.00;0.16;68;64;61;106;12295;8020;15.09;14.50;5530;6765;3666;4354;7.55;7.54;5.21;9.30;0.11;0.12;0.09;0.09;814.57;553.07;732.35;896.87;704.24;468.41;26.39
0;84;0.00;16.20;0.00;0.19;83;91;77;104;13775;13544;17.10;16.93;6998;6777;6621;6923;9.02;8.08;6.89;10.05;0.11;0.09;0.09;0.10;805.34;799.87;775.77;838.33;961.36;689.16;26.38
2;1;0.28;0.11;0.28;0.11;63;43;51;44;7412;5568;9.17;8.90;3555;3857;2414;3154;5.28;3.89;4.21;4.70;0.08;0.09;0.08;0.11;808.53;625.29;673.14;992.51;573.61;671.61;26.31
1;47;0.08;10.99;0.00;0.23;92;66;83;80;7566;6348;13.69;12.70;4076;3490;3353;2995;7.74;5.95;6.58;6.12;0.08;0.09;0.08;0.08;552.61;499.92;526.37;586.78;509.40;489.72;26.39
0;1;0.00;0.12;0.00;0.12;44;30;65;29;8402;3770;7.91;7.71;3854;4548;1642;2128;3.44;4.46;4.85;2.86;0.08;0.15;0.07;0.10;1062.33;488.94;1118.83;1018.73;338.34;744.72;26.30
6;15;8.85;2.22;0.59;0.15;41;31;34;35;3432;1916;5.66;5.42;2013;1419;1225;691;2.75;2.90;2.85;2.57;0.07;0.09;0.08;0.07;606.66;353.44;731.26;488.57;430.25;268.46;26.26
0;69;0.00;10.17;0.00;0.15;73;65;75;73;9800;9981;15.22;14.35;4976;4824;5279;4702;8.30;6.92;6.90;7.46;0.11;0.11;0.09;0.10;643.77;695.32;599.16;697.32;765.44;630.48;26.32
0;77;0.00;12.80;0.00;0.17;81;79;60;84;12667;8344;14.82;14.81;6300;6367;4034;4310;7.60;7.21;5.82;8.99;0.09;0.09;0.10;0.11;854.89;563.29;828.63;882.57;693.20;479.23;26.50
0;52;0.00;9.30;0.00;0.18;65;71;89;54;18796;12804;16.56;16.81;9515;9281;6674;6130;8.27;8.29;7.84;8.97;0.13;0.12;0.09;0.17;1134.82;761.91;1150.67;1119.01;851.65;683.49;26.35
6;0;14.07;0.00;14.07;0.00;43;43;52;46;9141;3599;7.45;6.94;5171;3970;1839;1760;5.09;2.36;3.85;3.09;0.12;0.05;0.07;0.07;1226.63;518.54;1015.17;1683.36;477.15;570.21;26.26
1;42;5.00;5.74;0.12;0.14;71;72;97;58;4109;3696;9.83;8.69;2359;1750;2214;1482;5.04;4.79;4.90;3.79;0.07;0.07;0.05;0.07;418.16;425.40;468.04;365.63;451.88;391.16;26.30
2;22;2.83;2.88;0.13;0.13;60;52;60;63;4474;3740;8.31;8.47;1997;2477;1860;1880;3.84;4.47;4.06;4.41;0.06;0.09;0.07;0.07;538.56;441.70;520.00;554.52;458.53;426.22;26.30
1;63;0.81;9.89;0.01;0.16;70;77;70;80;7444;8751;13.83;14.05;3832;3612;4230;4521;7.02;6.81;6.29;7.76;0.10;0.09;0.09;0.10;538.07;622.64;545.54;530.36;672.02;582.59;26.31
3;18;0.37;2.26;0.02;0.13;44;64;64;59;21480;8182;14.44;13.23;10651;10829;3851;4331;6.09;8.34;6.47;6.75;0.14;0.13;0.10;0.11;1487.88;618.67;1748.02;1297.90;595.15;641.21;26.12
1;30;0.08;4.54;0.00;0.15;48;48;48;58;6519;5630;10.50;10.66;3052;3467;3000;2630;5.03;5.47;4.68;5.98;0.10;0.11;0.10;0.10;621.00;528.23;606.77;634.10;640.72;440.09;26.16
0;64;0.00;9.96;0.00;0.16;63;92;70;92;14712;11942;16.34;15.12;7268;7444;5853;6089;7.47;8.87;6.34;8.78;0.12;0.10;0.09;0.10;900.41;789.68;972.73;839.47;922.86;693.48;26.22
0;70;0.00;13.21;0.00;0.19;63;76;89;71;14300;8055;15.12;13.70;6907;7393;4098;3957;7.18;7.94;7.52;6.18;0.11;0.10;0.08;0.09;945.68;588.02;961.70;931.19;545.16;640.15;26.17
0;40;0.00;7.77;0.00;0.19;62;70;63;63;22649;12460;16.62;15.83;11023;11626;6244;6216;7.90;8.72;8.23;7.60;0.13;0.12;0.13;0.12;1362.78;786.98;1395.97;1332.73;758.72;817.56;26.16
0;20;0.00;4.08;0.00;0.20;62;63;85;44;13639;12528;14.71;13.46;6750;6889;6191;6337;7.64;7.07;6.96;6.49;0.12;0.11;0.08;0.15;927.10;931.08;883.36;974.37;889.13;976.08;26.20
0;68;0.00;11.92;0.00;0.18;58;95;72;60;11861;9693;15.57;14.44;5966;5895;4742;4951;7.35;8.22;7.28;7.17;0.13;0.09;0.10;0.12;761.58;671.09;811.24;717.16;651.71;690.76;26.18
1;47;0.19;7.72;0.00;0.16;62;59;74;45;11705;9664;12.55;11.64;6089;5616;4552;5112;5.95;6.60;7.01;4.63;0.10;0.11;0.09;0.10;932.75;830.22;1023.87;850.67;648.92;1105.17;26.18
1;64;0.08;9.32;0.00;0.15;50;89;81;83;15070;10823;15.52;14.05;7971;7099;5401;5422;6.49;9.02;6.65;7.40;0.13;0.10;0.08;0.09;971.14;770.33;1227.62;786.62;811.93;732.91;26.17
0;72;0.00;10.51;0.00;0.15;74;62;80;65;26823;15394;19.04;18.25;13336;13487;7794;7600;9.52;9.52;8.68;9.57;0.13;0.15;0.11;0.15;1408.90;843.28;1401.04;1416.77;897.54;794.06;26.32
1;42;0.09;7.60;0.00;0.18;70;76;85;56;22680;17285;15.00;14.88;11194;11486;9067;8218;8.11;6.89;7.26;7.63;0.12;0.09;0.09;0.14;1511.59;1161.36;1379.53;1667.11;1249.42;1077.57;26.18
1;78;0.08;13.49;0.00;0.17;82;85;89;95;14400;10455;17.60;16.02;6743;7657;5331;5124;7.88;9.72;7.63;8.39;0.10;0.11;0.09;0.09;817.97;652.67;855.35;787.65;699.00;610.56;26.24
0;63;0.00;12.91;0.00;0.20;69;96;84;80;17376;11973;16.43;15.89;8501;8875;6120;5853;7.76;8.66;6.91;8.98;0.11;0.09;0.08;0.11;1057.71;753.38;1094.86;1024.42;885.41;651.77;26.20
0;65;0.00;11.13;0.00;0.17;58;76;66;66;15446;11923;17.97;17.41;7611;7835;6127;5796;9.31;8.66;8.58;8.83;0.16;0.11;0.13;0.13;859.57;684.93;817.93;904.30;714.37;656.35;26.22
0;31;0.00;8.11;0.00;0.26;78;65;70;64;14041;9115;11.94;10.96;6671;7370;4790;4325;5.30;6.64;5.58;5.38;0.07;0.10;0.08;0.08;1175.76;831.77;1258.35;1109.82;858.01;804.52;26.20
0;56;0.00;11.57;0.00;0.21;55;94;73;77;12527;6888;14.68;13.11;6385;6142;3622;3266;5.46;9.22;6.37;6.74;0.10;0.10;0.09;0.09;853.59;525.30;1169.59;666.41;568.51;484.46;26.21
2;5;8.35;0.63;1.67;0.13;49;54;58;32;6132;5639;8.38;8.25;3199;2933;2649;2990;4.70;3.68;3.95;4.30;0.10;0.07;0.07;0.13;731.81;683.72;681.24;796.28;670.65;695.74;26.15
0;66;0.00;13.34;0.00;0.20;80;79;70;100;12623;10163;16.22;15.53;6159;6464;5042;5121;7.48;8.74;6.69;8.84;0.09;0.11;0.10;0.09;778.28;654.57;823.34;739.71;753.93;579.39;26.21
1;2;0.10;0.25;0.05;0.12;82;35;70;43;11973;5546;9.64;8.77;5605;6368;2795;2751;5.65;3.99;5.03;3.73;0.07;0.11;0.07;0.09;1242.61;632.71;992.57;1596.63;555.48;736.78;26.17
1;25;0.13;6.12;0.01;0.24;33;69;50;51;8051;5261;8.67;8.64;3849;4202;2794;2467;3.46;5.21;4.45;4.18;0.10;0.08;0.09;0.08;928.59;609.23;1113.57;805.96;627.42;589.86;26.47
1;43;0.12;7.67;0.00;0.18;72;65;64;67;9407;7115;12.97;12.00;5025;4382;3377;3738;6.74;6.23;5.59;6.42;0.09;0.10;0.09;0.10;725.25;592.71;745.37;703.47;604.62;582.35;26.23
1;32;0.18;5.99;0.01;0.19;73;71;76;74;13681;11085;14.35;13.48;7003;6678;5502;5583;7.62;6.73;5.12;8.36;0.10;0.09;0.07;0.11;953.34;822.08;919.13;992.06;1074.16;667.67;26.18
0;70;0.00;11.45;0.00;0.16;83;89;77;77;10269;10886;15.87;15.64;5353;4916;5468;5418;8.26;7.61;8.39;7.24;0.10;0.09;0.11;0.09;647.13;696.21;648.27;645.88;651.61;747.87;26.21
0;62;0.00;10.35;0.00;0.17;61;81;72;66;14086;10191;15.52;14.62;6825;7261;5323;4868;6.65;8.87;8.43;6.18;0.11;0.11;0.12;0.09;907.36;697.17;1025.60;818.64;631.16;787.18;26.19
0;67;0.00;11.17;0.00;0.17;66;73;88;80;16677;12385;17.43;16.78;8692;7985;5878;6507;9.82;7.61;8.27;8.51;0.15;0.10;0.09;0.11;956.63;738.14;885.16;1048.81;710.81;764.70;26.18
0;49;0.00;6.87;0.00;0.14;67;66;78;69;20903;15527;16.84;16.73;10712;10191;7644;7883;9.31;7.53;7.72;9.01;0.14;0.11;0.10;0.13;1241.55;927.92;1150.83;1353.71;990.12;874.65;26.56
7;52;0.75;7.98;0.01;0.15;69;66;62;72;21771;17883;17.02;16.36;10365;11406;9198;8685;8.72;8.31;7.41;8.95;0.13;0.13;0.12;0.12;1278.78;1092.87;1189.06;1372.93;1240.85;970.31;26.35
0;70;0.00;10.30;0.00;0.15;69;86;74;78;19228;13619;18.02;17.61;9953;9275;6625;6994;9.11;8.92;8.40;9.20;0.13;0.10;0.11;0.12;1066.82;773.57;1092.84;1040.25;788.40;760.03;26.21
0;58;0.00;10.32;0.00;0.18;70;62;68;65;24023;15107;16.84;16.14;12717;11306;7194;7913;8.52;8.32;8.16;7.99;0.12;0.13;0.12;0.12;1426.89;935.87;1493.20;1359.00;881.96;990.94;26.20
1;7;0.14;1.05;0.02;0.15;39;32;39;35;16069;7663;9.25;9.14;8298;7771;3650;4013;4.56;4.69;4.65;4.49;0.12;0.15;0.12;0.13;1736.88;838.79;1819.00;1657.01;785.17;894.34;26.20
1;67;0.09;10.50;0.00;0.16;60;69;74;81;22017;17091;18.60;17.46;10993;11024;8479;8612;10.10;8.50;8.01;9.44;0.17;0.12;0.11;0.12;1183.55;979.04;1088.43;1296.55;1058.18;911.89;26.22
2;15;0.26;2.88;0.02;0.19;50;37;60;37;9221;6977;9.92;8.86;4780;4441;3315;3662;5.69;4.23;4.81;4.05;0.11;0.11;0.08;0.11;929.55;787.78;840.11;1049.85;689.46;904.54;26.19
0;69;0.00;10.85;0.00;0.16;60;78;70;69;26111;15816;17.72;17.29;13032;13079;7737;8079;8.22;9.50;7.95;9.33;0.14;0.12;0.11;0.14;1473.49;914.91;1584.61;1377.26;972.90;865.51;26.17
0;63;0.00;10.07;0.00;0.16;60;69;58;71;17400;15737;17.52;16.97;8769;8631;7947;7790;8.96;8.57;7.89;9.07;0.15;0.12;0.14;0.13;992.98;927.38;979.09;1007.50;1006.61;858.44;26.21
2;18;1.02;2.50;0.06;0.14;66;49;65;60;11706;6542;11.75;10.78;5872;5834;3046;3496;6.51;5.24;4.70;6.07;0.10;0.11;0.07;0.10;996.07;607.13;902.16;1112.64;647.93;575.55;26.20
1;15;0.09;2.13;0.01;0.14;89;40;55;60;19388;10711;11.87;10.67;9641;9747;5360;5351;7.33;4.54;5.06;5.60;0.08;0.11;0.09;0.09;1633.41;1004.26;1315.79;2145.73;1058.52;955.21;26.18
0;70;0.00;9.75;0.00;0.14;61;74;78;65;18609;16593;16.28;16.18;9727;8882;8090;8503;8.25;8.03;7.84;8.34;0.14;0.11;0.10;0.13;1142.87;1025.23;1178.75;1106.00;1031.40;1019.42;26.20
1;67;0.05;10.71;0.00;0.16;55;80;85;75;24130;14837;18.18;17.15;12006;12124;7114;7723;8.62;9.56;7.89;9.27;0.16;0.12;0.09;0.12;1327.59;864.91;1393.30;1268.35;901.73;833.57;26.20
2;3;0.22;0.42;0.07;0.14;68;34;52;64;15041;7806;11.27;10.37;7851;7190;3737;4069;6.31;4.96;4.96;5.41;0.09;0.15;0.10;0.08;1334.32;752.92;1244.71;1448.16;753.91;752.01;26.16
0;78;0.00;11.69;0.00;0.15;62;95;91;67;20510;12505;18.12;17.03;10173;10337;6356;6149;8.92;9.20;7.63;9.40;0.14;0.10;0.08;0.14;1132.05;734.17;1140.46;1123.90;832.71;654.15;26.28
4;6;0.47;0.79;0.08;0.13;62;21;36;47;9733;4386;7.21;6.35;5033;4700;1990;2396;4.88;2.34;2.32;4.03;0.08;0.11;0.06;0.09;1349.33;691.20;1032.15;2011.12;859.04;594.70;26.16
0;88;0.00;12.31;0.00;0.14;61;94;85;95;17891;11346;18.26;16.73;8762;9129;5843;5503;8.23;10.03;7.42;9.31;0.13;0.11;0.09;0.10;979.91;678.14;1064.83;910.24;787.75;590.85;26.21
0;0;0.00;0.00;0.00;0.00;56;36;53;54;18781;11617;11.38;10.51;9151;9630;6030;5587;5.95;5.43;5.24;5.27;0.11;0.15;0.10;0.10;1650.88;1105.33;1538.63;1773.85;1151.27;1059.70;26.21
0;15;0.00;13.40;0.00;0.89;49;58;78;43;5695;2759;8.95;7.49;2615;3080;1369;1390;3.41;5.54;4.13;3.37;0.07;0.10;0.05;0.08;635.98;368.26;766.00;555.88;331.86;412.86;26.37
0;63;0.00;11.28;0.00;0.18;56;65;59;69;13224;9011;17.55;17.20;6553;6671;4469;4542;8.38;9.17;7.69;9.51;0.15;0.14;0.13;0.14;753.55;523.81;782.17;727.41;580.94;477.61;26.73
0;54;0.00;7.62;0.00;0.14;45;49;66;49;10724;7843;11.61;11.23;5532;5192;4075;3768;6.32;5.29;6.10;5.13;0.14;0.11;0.09;0.10;923.54;698.60;875.44;980.96;668.04;734.96;26.53
1;28;0.84;8.48;0.03;0.30;96;48;63;86;5437;3558;10.78;11.59;2632;2805;1863;1695;6.09;4.69;5.40;6.19;0.06;0.10;0.09;0.07;504.58;306.96;432.23;598.62;344.68;274.01;26.51
4;35;1.71;12.86;0.05;0.37;76;57;67;85;12764;5745;14.27;12.46;6537;6227;2997;2748;8.60;5.67;4.81;7.65;0.11;0.10;0.07;0.09;894.37;460.93;760.09;1097.99;623.06;359.04;26.47
0;65;0.00;10.66;0.00;0.16;85;73;75;77;6997;5380;13.70;13.19;3589;3408;2946;2434;6.91;6.79;6.56;6.63;0.08;0.09;0.09;0.09;510.63;407.77;519.44;501.68;448.96;367.02;26.53
4;12;2.55;5.98;0.21;0.50;47;57;55;54;11819;7686;12.59;10.77;6259;5560;3989;3697;6.15;6.43;5.92;4.86;0.13;0.11;0.11;0.09;939.00;713.52;1017.16;864.24;674.16;761.48;26.50
4;6;5.58;5.16;0.93;0.86;45;56;37;61;6809;4439;10.28;8.60;3557;3252;2338;2101;4.69;5.58;3.39;5.21;0.10;0.10;0.09;0.09;662.50;516.34;757.68;582.46;689.81;403.43;26.43
1;35;0.57;9.03;0.02;0.26;97;41;66;91;8514;4863;11.89;11.39;3769;4745;2245;2618;7.87;4.02;5.97;5.42;0.08;0.10;0.09;0.06;716.16;427.11;478.75;1181.54;376.20;483.19;26.48
1;51;0.05;8.35;0.00;0.16;59;69;50;59;15092;11180;14.53;14.73;7766;7326;5516;5664;6.69;7.84;5.95;8.78;0.11;0.11;0.12;0.15;1038.67;758.80;1161.26;934.13;926.99;644.86;26.53
2;36;0.71;9.57;0.02;0.27;63;79;60;83;11055;7113;12.46;12.23;5286;5769;3385;3728;4.95;7.50;5.35;6.87;0.08;0.09;0.09;0.08;887.52;581.67;1066.94;769.03;632.18;542.33;26.50
0;57;0.00;10.00;0.00;0.18;59;71;65;62;11455;7640;13.75;13.36;5271;6184;3553;4087;6.69;7.05;5.61;7.75;0.11;0.10;0.09;0.13;833.27;571.74;787.36;876.86;633.36;527.15;26.46
3;41;2.87;10.04;0.07;0.24;94;66;81;81;10274;6412;12.41;12.97;4591;5683;2927;3485;6.81;5.60;5.85;7.13;0.07;0.08;0.07;0.09;828.02;494.33;674.65;1014.30;500.71;489.10;26.45
4;47;2.06;7.42;0.04;0.16;69;57;59;76;7644;4694;11.29;11.11;4021;3623;2424;2270;6.21;5.08;5.35;5.76;0.09;0.09;0.09;0.08;676.88;422.35;647.32;713.01;452.68;394.14;26.44
2;6;0.18;0.77;0.03;0.13;49;32;77;35;10342;4292;9.33;8.05;4950;5392;1917;2375;5.44;3.89;4.49;3.55;0.11;0.12;0.06;0.10;1108.38;533.31;910.59;1384.43;426.64;668.14;26.42
0;10;0.00;1.58;0.00;0.16;18;23;12;17;5123;2965;3.94;4.33;2215;2908;1300;1665;1.44;2.51;1.61;2.71;0.08;0.11;0.13;0.16;1298.61;685.47;1542.87;1158.86;805.95;613.82;26.38
1;73;0.09;11.65;0.00;0.16;91;40;72;97;7070;5436;14.65;14.51;3849;3221;2755;2681;9.12;5.52;6.44;8.07;0.10;0.14;0.09;0.08;482.75;374.64;422.00;583.04;427.96;332.12;26.52
0;0;0.00;0.00;0.00;0.00;0;0;0;0;0;0;0.00;0.00;0;0;0;0;0.00;0.00;0.00;0.00;0.00;0.00;0.00;0.00;1.00;1.00;1.00;1.00;1.00;1.00;26.35
4;52;0.71;8.72;0.01;0.17;68;76;64;86;10347;5299;14.66;13.23;5491;4856;2880;2419;6.76;7.90;6.68;6.55;0.10;0.10;0.10;0.08;705.99;400.65;812.17;615.07;431.38;369.32;26.52
2;46;0.55;9.43;0.01;0.20;84;52;76;75;9790;8965;14.84;15.13;4744;5046;4413;4552;8.45;6.40;7.30;7.83;0.10;0.12;0.10;0.10;659.49;592.55;561.57;788.80;604.82;581.12;26.55
1;52;0.08;9.90;0.00;0.19;77;77;63;98;11090;6831;14.59;13.45;5195;5895;3347;3484;6.81;7.78;6.03;7.42;0.09;0.10;0.10;0.08;760.17;507.96;762.88;757.79;555.48;469.39;26.50
4;48;0.65;9.46;0.01;0.20;63;63;64;84;14630;7430;15.59;14.79;7128;7502;3755;3675;7.55;8.04;7.62;7.18;0.12;0.13;0.12;0.09;938.54;502.23;944.19;933.25;493.00;512.03;26.59
0;46;0.00;10.67;0.00;0.23;75;77;67;63;4689;4393;12.90;12.47;2615;2074;2059;2334;6.15;6.75;6.40;6.07;0.08;0.09;0.10;0.10;363.54;352.26;425.47;307.17;321.83;384.31;26.48
7;14;1.98;5.01;0.14;0.36;61;64;74;68;16525;7066;14.73;13.39;8485;8040;3606;3460;7.86;6.87;6.51;6.88;0.13;0.11;0.09;0.10;1121.95;527.70;1079.36;1170.70;553.94;502.88;26.50
1;60;0.17;9.19;0.00;0.15;78;81;80;91;9071;7822;15.67;16.05;4060;5011;3904;3918;6.92;8.75;7.99;8.05;0.09;0.11;0.10;0.09;578.95;487.49;586.82;572.73;488.39;486.60;26.62
4;32;0.90;8.66;0.03;0.27;60;66;57;65;7779;5121;11.27;11.03;3813;3966;2538;2583;5.75;5.51;4.47;6.56;0.10;0.08;0.08;0.10;690.54;464.23;662.92;719.35;567.22;393.95;26.59
2;12;8.35;2.61;0.70;0.22;55;63;54;60;7802;6728;10.06;10.23;3696;4106;3040;3688;4.79;5.28;4.04;6.19;0.09;0.08;0.07;0.10;775.24;657.76;772.07;778.12;752.21;596.06;26.51
2;15;1.49;3.63;0.10;0.24;70;48;88;69;8082;3823;12.08;11.53;4548;3534;2047;1776;6.57;5.51;6.69;4.83;0.09;0.11;0.08;0.07;669.19;331.67;692.59;641.30;305.85;367.40;26.50
0;50;0.00;7.59;0.00;0.15;76;78;59;85;13157;7308;15.31;14.39;6673;6484;3523;3785;7.42;7.90;6.68;7.72;0.10;0.10;0.11;0.09;859.33;507.74;899.87;821.26;527.60;490.56;26.60
0;85;0.00;11.89;0.00;0.14;94;90;63;110;7896;8085;12.59;13.45;3963;3933;3886;4199;6.55;6.04;5.16;8.28;0.07;0.07;0.08;0.08;627.30;601.29;604.95;651.55;752.58;506.98;26.65
2;37;0.87;6.37;0.02;0.17;70;65;58;64;8621;6367;12.12;12.12;4745;3876;3350;3017;6.51;5.61;6.27;5.85;0.09;0.09;0.11;0.09;711.31;525.30;729.23;690.55;534.10;515.86;26.62
3;54;3.99;7.20;0.07;0.13;91;57;79;71;5184;5160;9.70;10.33;3436;1748;2540;2620;5.60;4.10;4.76;5.58;0.06;0.07;0.06;0.08;534.58;499.47;613.88;426.33;534.07;469.94;26.47
0;61;0.00;11.30;0.00;0.19;70;64;54;81;7303;5121;14.14;13.57;3538;3765;2624;2497;6.85;7.29;6.34;7.24;0.10;0.11;0.12;0.09;516.31;377.32;516.21;516.40;414.21;345.02;26.58
0;56;0.00;12.71;0.00;0.23;76;91;92;93;9898;8090;16.72;16.01;5176;4722;3815;4275;8.19;8.53;6.79;9.22;0.11;0.09;0.07;0.10;592.13;505.26;631.93;553.89;561.98;463.51;26.67
2;34;0.58;8.95;0.02;0.26;90;58;90;77;7452;4854;13.41;12.70;3762;3690;2408;2446;7.83;5.57;6.80;5.90;0.09;0.10;0.08;0.08;555.87;382.11;480.18;662.31;354.11;414.38;26.61
1;43;0.09;8.79;0.00;0.20;77;70;81;81;13966;10726;15.11;15.85;7020;6946;5351;5375;7.60;7.51;7.83;8.02;0.10;0.11;0.10;0.10;924.00;676.73;923.63;924.37;683.55;670.07;26.61
5;13;8.57;1.90;0.66;0.15;67;42;62;53;5431;2706;7.35;7.27;2539;2892;1131;1575;3.74;3.61;3.28;3.99;0.06;0.09;0.05;0.08;739.18;372.30;679.42;801.04;344.97;394.76;26.47
1;67;0.12;8.57;0.00;0.13;85;60;93;80;7833;6080;14.14;14.00;3862;3971;3064;3016;8.09;6.05;7.26;6.73;0.10;0.10;0.08;0.08;554.01;434.40;477.62;656.06;421.76;448.04;26.64
4;25;1.23;4.06;0.05;0.16;80;66;62;40;12081;5661;11.46;10.43;5811;6270;2703;2958;5.62;5.85;6.48;3.95;0.07;0.09;0.10;0.10;1053.78;542.69;1034.64;1072.16;417.30;748.09;26.47
0;56;0.00;10.80;0.00;0.19;71;59;50;65;6860;5344;12.66;12.70;3048;3812;2670;2674;6.32;6.34;5.46;7.24;0.09;0.11;0.11;0.11;541.82;420.76;482.44;600.97;488.72;369.46;26.54
1;63;0.09;13.10;0.00;0.21;71;64;76;89;14189;5423;14.33;13.75;7260;6929;2701;2722;7.36;6.96;6.85;6.90;0.10;0.11;0.09;0.08;990.49;394.27;986.09;995.15;394.31;394.22;26.79
0;81;0.00;12.45;0.00;0.15;75;80;72;100;8494;6445;15.23;14.61;4346;4148;3333;3112;6.75;8.47;6.41;8.20;0.09;0.11;0.09;0.08;557.74;441.05;643.38;489.47;519.59;379.60;26.97
0;0;0.00;0.00;0.00;0.00;47;33;54;26;6231;3697;6.77;6.13;3136;3095;1838;1859;3.75;3.01;3.14;2.98;0.08;0.09;0.06;0.11;920.93;603.41;835.87;1026.80;584.67;623.15;26.47
0;54;0.00;12.09;0.00;0.22;70;75;61;96;8491;4190;14.29;13.15;3876;4615;2067;2123;6.94;7.35;5.78;7.37;0.10;0.10;0.09;0.08;594.12;318.63;558.44;627.80;357.45;288.15;26.47
4;57;1.87;10.16;0.03;0.18;80;53;64;82;8560;4919;13.01;12.44;4044;4516;2613;2306;6.31;6.70;5.00;7.45;0.08;0.13;0.08;0.09;658.13;395.35;641.34;673.93;523.08;309.67;26.46
0;61;0.00;10.26;0.00;0.17;83;80;75;78;6616;4694;14.46;14.10;3126;3490;2355;2339;6.61;7.85;7.02;7.08;0.08;0.10;0.09;0.09;457.67;332.88;472.96;444.79;335.62;330.17;26.52
6;17;0.65;2.73;0.04;0.16;66;63;73;63;16207;7006;11.55;10.95;7914;8293;3233;3773;5.41;6.14;5.35;5.61;0.08;0.10;0.07;0.09;1403.75;639.60;1463.34;1351.24;604.81;672.76;26.50
6;5;4.54;1.04;0.91;0.21;54;67;99;40;9559;3048;9.57;9.30;4826;4733;1560;1488;4.90;4.67;5.81;3.48;0.09;0.07;0.06;0.09;998.82;327.89;985.60;1012.66;268.42;427.08;26.44
2;71;0.23;12.33;0.00;0.17;87;82;94;86;11513;6111;16.50;14.58;5889;5624;3051;3060;9.16;7.34;7.63;6.95;0.11;0.09;0.08;0.08;697.89;419.19;642.94;766.47;400.02;440.22;26.56
0;43;0.00;5.64;0.00;0.13;76;78;72;71;8589;5543;13.35;13.54;4320;4269;2853;2690;5.80;7.55;7.38;6.15;0.08;0.10;0.10;0.09;643.30;409.47;744.93;565.26;386.42;437.11;26.53
2;45;1.93;7.92;0.04;0.18;65;69;82;60;9370;6558;13.14;13.11;4826;4544;3277;3281;6.14;7.00;7.25;5.86;0.09;0.10;0.09;0.10;713.35;500.31;785.97;649.60;452.01;560.09;26.57
4;0;7.78;0.00;7.78;0.00;44;53;74;24;7812;4941;6.96;7.38;3451;4361;2342;2599;3.20;3.76;4.16;3.23;0.07;0.07;0.06;0.13;1121.77;669.06;1077.76;1159.22;563.50;804.94;26.35
