qt_l_click;qt_r_click;total_time_l_click;total_time_r_click;avg_time_l_click;avg_time_r_click;l_mov_count;r_mov_count;u_mov_count;d_mov_count;total_hor_dist;total_ver_dist;total_hor_time;total_ver_time;total_dist_l_mov;total_dist_r_mov;total_dist_u_mov;total_dist_d_mov;total_time_l_mov;total_time_r_mov;total_time_u_mov;total_time_d_mov;avg_time_l_mov;avg_time_r_mov;avg_time_u_mov;avg_time_d_mov;hor_speed;ver_speed;l_speed;r_speed;u_speed;d_speed;total_capture_time
1;0;0.12;0.00;0.12;0.00;43;34;75;48;12919;2748;12.73;10.15;6459;6460;1111;1637;7.54;5.20;5.11;5.04;0.18;0.15;0.07;0.10;1014.58;270.76;857.11;1242.91;217.40;324.88;30.28
7;0;0.70;0.00;0.70;0.00;51;35;79;67;10448;653;13.68;6.05;4601;5847;336;317;6.88;6.79;3.23;2.83;0.13;0.19;0.04;0.04;763.97;107.88;668.32;860.93;104.10;112.19;29.59
5;0;0.49;0.00;0.49;0.00;39;26;40;54;8436;2093;8.84;6.99;4106;4330;1066;1027;5.00;3.84;3.09;3.90;0.13;0.15;0.08;0.07;954.64;299.25;820.92;1129.03;345.06;263.00;28.99
0;0;0.00;0.00;0.00;0.00;34;50;55;53;5936;2419;8.67;7.13;2847;3089;1201;1218;3.22;5.45;3.05;4.08;0.09;0.11;0.06;0.08;684.62;339.39;883.04;567.16;393.74;298.73;28.91
7;1;1.25;1.18;1.25;1.18;78;31;54;40;2862;306;7.56;3.27;1774;1088;178;128;3.88;3.68;1.80;1.47;0.05;0.12;0.03;0.04;378.50;93.63;456.77;295.85;98.95;87.12;29.14
2;0;0.23;0.00;0.23;0.00;53;53;86;86;8031;1484;13.45;10.36;4839;3192;726;758;7.95;5.50;5.08;5.28;0.15;0.10;0.06;0.06;597.16;143.23;608.99;580.10;142.97;143.47;29.67
3;2;0.40;1.94;0.20;0.97;62;53;100;85;10333;924;13.70;7.83;4927;5406;496;428;6.41;7.29;3.95;3.88;0.10;0.14;0.04;0.05;754.18;117.94;769.12;741.07;125.54;110.22;29.40
4;0;0.44;0.00;0.44;0.00;116;27;75;38;4081;2595;7.70;6.32;1824;2257;1328;1267;3.77;3.93;3.88;2.45;0.03;0.15;0.05;0.06;530.21;410.29;484.16;574.36;342.62;517.40;29.54
1;1;0.16;0.10;0.16;0.10;56;40;94;74;5782;751;10.93;6.85;2256;3526;456;295;5.35;5.58;4.41;2.44;0.10;0.14;0.05;0.03;528.87;109.60;421.54;631.79;103.47;120.66;30.04
0;0;0.00;0.00;0.00;0.00;61;16;76;37;4497;1715;7.85;6.88;2382;2115;815;900;5.12;2.72;4.31;2.57;0.08;0.17;0.06;0.07;573.20;249.37;464.82;777.32;189.03;350.78;30.66
7;0;0.68;0.00;0.68;0.00;43;70;96;74;7342;711;13.59;6.36;3231;4111;367;344;4.67;8.93;3.70;2.67;0.11;0.13;0.04;0.04;540.08;111.73;692.54;460.41;99.31;128.94;30.28
9;0;1.17;0.00;1.17;0.00;72;24;61;81;5071;744;10.01;5.60;2912;2159;382;362;7.15;2.86;2.82;2.78;0.10;0.12;0.05;0.03;506.64;132.87;407.16;755.70;135.48;130.22;30.19
2;1;0.42;2.61;0.42;2.61;79;38;102;88;6398;1146;12.03;9.35;2669;3729;577;569;6.26;5.77;4.75;4.60;0.08;0.15;0.05;0.05;531.70;122.51;426.40;645.86;121.42;123.63;30.42
4;0;0.50;0.00;0.50;0.00;40;42;44;59;6372;3169;10.16;9.73;2362;4010;1582;1587;5.07;5.09;3.90;5.83;0.13;0.12;0.09;0.10;626.99;325.56;465.81;787.50;405.16;272.25;30.37
1;2;0.78;1.30;0.39;0.65;43;62;108;98;10767;930;14.09;7.87;5575;5192;475;455;4.95;9.14;4.10;3.77;0.12;0.15;0.04;0.04;764.18;118.15;1127.18;567.83;115.87;120.63;30.13
0;0;0.00;0.00;0.00;0.00;61;24;70;46;4841;1242;7.81;5.01;2165;2676;769;473;4.02;3.79;2.61;2.39;0.07;0.16;0.04;0.05;620.15;248.11;538.89;706.31;294.23;197.72;29.65
7;0;1.00;0.00;1.00;0.00;14;10;17;11;417;128;1.07;0.90;303;114;60;68;0.54;0.53;0.52;0.39;0.04;0.05;0.03;0.04;389.89;141.71;559.88;215.77;116.25;175.66;28.69
6;1;0.57;0.19;0.57;0.19;76;41;92;109;8981;1918;15.86;10.10;4313;4668;948;970;9.55;6.30;4.93;5.16;0.13;0.15;0.05;0.05;566.41;189.98;451.53;740.49;192.16;187.90;29.63
14;2;1.83;4.88;0.91;2.44;69;63;95;95;6250;773;11.22;6.70;3766;2484;402;371;6.03;5.19;3.36;3.34;0.09;0.08;0.04;0.04;556.88;115.32;624.32;478.52;119.71;110.92;29.40
1;0;0.07;0.00;0.07;0.00;39;17;22;13;1900;867;3.41;2.57;644;1256;451;416;2.09;1.32;1.66;0.91;0.05;0.08;0.08;0.07;557.57;337.97;308.37;952.04;271.69;459.52;29.09
1;0;0.13;0.00;0.13;0.00;52;43;97;69;6365;808;9.73;6.71;3232;3133;463;345;4.61;5.12;3.91;2.80;0.09;0.12;0.04;0.04;654.45;120.50;701.19;612.34;118.48;123.32;29.30
8;2;1.18;0.38;0.59;0.19;23;2;15;4;40;49;0.51;0.48;33;7;20;29;0.45;0.06;0.27;0.20;0.02;0.03;0.02;0.05;78.78;102.57;72.93;126.75;72.89;142.62;29.62
2;1;0.21;0.17;0.21;0.17;46;35;115;103;4595;994;10.13;8.49;2217;2378;503;491;6.57;3.56;4.61;3.88;0.14;0.10;0.04;0.04;453.53;117.13;337.45;667.65;109.13;126.65;29.32
3;1;1.04;0.70;1.04;0.70;57;49;116;119;9538;1279;14.83;10.02;5727;3811;652;627;8.54;6.29;5.04;4.98;0.15;0.13;0.04;0.04;643.15;127.65;670.77;605.67;129.30;125.97;29.28
2;0;0.32;0.00;0.32;0.00;59;34;82;49;7089;2358;10.94;7.76;4305;2784;1155;1203;6.22;4.72;3.96;3.81;0.11;0.14;0.05;0.08;647.89;303.71;691.61;590.19;291.87;316.01;29.78
3;0;0.26;0.00;0.26;0.00;39;67;99;88;17974;1976;13.00;9.72;8696;9278;888;1088;5.45;7.55;4.75;4.97;0.14;0.11;0.05;0.06;1382.64;203.32;1595.70;1228.85;186.96;218.95;30.10
2;0;0.24;0.00;0.24;0.00;12;10;11;11;67;120;0.74;1.00;28;39;84;36;0.30;0.45;0.63;0.38;0.02;0.04;0.06;0.03;90.03;119.49;93.60;87.62;133.55;95.93;29.54
1;2;0.17;0.31;0.08;0.16;75;39;101;63;12600;3109;14.64;10.97;6452;6148;1482;1627;8.86;5.78;5.99;4.98;0.12;0.15;0.06;0.08;860.68;283.47;728.49;1063.11;247.41;326.86;30.51
3;0;0.37;0.00;0.37;0.00;84;49;73;56;9635;4004;10.69;12.24;5457;4178;2296;1708;5.84;4.85;5.96;6.29;0.07;0.10;0.08;0.11;901.21;327.07;934.76;860.84;385.49;271.72;30.15
4;0;0.88;0.00;0.88;0.00;57;53;73;117;17601;2765;14.65;12.33;8897;8704;1248;1517;6.07;8.57;4.73;7.61;0.11;0.16;0.06;0.07;1201.66;224.23;1464.53;1015.37;264.12;199.44;29.81
1;1;0.13;9.31;0.13;9.31;51;71;101;59;5343;622;11.39;5.93;2253;3090;323;299;4.69;6.69;3.60;2.33;0.09;0.09;0.04;0.04;469.28;104.86;480.02;461.75;89.68;128.34;30.19
7;0;1.18;0.00;1.18;0.00;31;9;36;7;1130;373;1.55;1.84;979;151;189;184;1.00;0.55;1.55;0.30;0.03;0.06;0.04;0.04;730.22;202.26;978.38;276.13;122.26;617.04;29.54
4;0;0.37;0.00;0.37;0.00;76;38;83;60;10148;2211;13.01;10.29;5298;4850;1217;994;6.73;6.28;5.43;4.86;0.09;0.17;0.07;0.08;779.93;214.87;787.30;772.05;224.01;204.65;29.92
3;1;0.96;1.31;0.96;1.31;65;33;63;52;3835;604;6.70;4.74;1693;2142;326;278;3.26;3.44;2.61;2.13;0.05;0.10;0.04;0.04;572.61;127.51;519.78;622.62;124.84;130.79;29.69
2;1;0.34;0.40;0.34;0.40;72;63;88;67;5897;896;10.67;7.21;3402;2495;398;498;4.57;6.10;3.43;3.78;0.06;0.10;0.04;0.06;552.76;124.22;744.78;408.99;116.04;131.64;29.82
4;0;1.55;0.00;1.55;0.00;40;65;91;73;11851;3013;14.49;11.18;5964;5887;1537;1476;6.09;8.40;5.15;6.03;0.15;0.13;0.06;0.08;817.80;269.53;978.93;700.93;298.38;244.87;29.47
6;2;2.05;4.66;1.02;2.33;76;53;83;123;11123;1302;11.69;10.06;5144;5979;616;686;6.47;5.22;4.71;5.36;0.09;0.10;0.06;0.04;951.69;129.38;794.87;1146.26;130.85;128.09;29.46
1;0;0.15;0.00;0.15;0.00;48;51;91;102;7701;1208;11.28;8.77;3529;4172;624;584;5.59;5.70;3.78;4.99;0.12;0.11;0.04;0.05;682.45;137.71;631.65;732.26;164.96;117.05;29.50
6;0;1.43;0.00;1.43;0.00;55;51;106;86;14325;1486;13.42;10.06;7700;6625;724;762;6.03;7.39;5.11;4.95;0.11;0.14;0.05;0.06;1067.26;147.76;1277.50;895.90;141.66;154.08;29.02
6;1;4.01;0.12;4.01;0.12;58;62;120;85;7869;1394;11.87;10.38;4026;3843;751;643;5.82;6.05;5.46;4.93;0.10;0.10;0.05;0.06;662.79;134.26;692.02;634.70;137.66;130.48;29.66
2;0;0.37;0.00;0.37;0.00;14;21;51;34;2638;577;4.03;4.55;1499;1139;260;317;2.29;1.74;2.53;2.02;0.16;0.08;0.05;0.06;654.98;126.76;656.00;653.64;102.86;156.59;29.65
13;2;2.76;2.07;1.38;1.04;47;65;95;92;21418;2404;14.18;11.37;10003;11415;1102;1302;7.30;6.87;5.89;5.48;0.16;0.11;0.06;0.06;1510.71;211.43;1369.79;1660.40;187.00;237.72;29.48
