qt_l_click;qt_r_click;total_time_l_click;total_time_r_click;avg_time_l_click;avg_time_r_click;l_mov_count;r_mov_count;u_mov_count;d_mov_count;total_hor_dist;total_ver_dist;total_hor_time;total_ver_time;total_dist_l_mov;total_dist_r_mov;total_dist_u_mov;total_dist_d_mov;total_time_l_mov;total_time_r_mov;total_time_u_mov;total_time_d_mov;avg_time_l_mov;avg_time_r_mov;avg_time_u_mov;avg_time_d_mov;hor_speed;ver_speed;l_speed;r_speed;u_speed;d_speed;total_capture_time
4;29;0.82;6.95;0.03;0.24;48;48;45;52;11319;9277;12.28;12.34;5678;5641;4587;4690;5.80;6.48;5.39;6.95;0.12;0.14;0.12;0.13;922.04;751.60;979.68;870.49;851.18;674.44;26.02
0;21;0.00;17.84;0.00;0.85;60;30;47;80;8120;5850;22.29;20.63;4119;4001;2994;2856;13.38;8.91;9.17;11.47;0.22;0.30;0.20;0.14;364.33;283.52;307.91;449.01;326.60;249.08;26.26
33;49;3.16;4.66;0.06;0.10;67;56;64;59;13465;10050;17.57;17.35;6640;6825;5101;4949;9.55;8.02;8.07;9.28;0.14;0.14;0.13;0.16;766.31;579.28;695.04;851.23;632.41;533.12;26.32
26;44;2.42;4.33;0.05;0.10;69;58;71;57;14855;9018;16.17;15.95;7595;7260;4449;4569;9.20;6.97;8.20;7.75;0.13;0.12;0.12;0.14;918.47;565.33;825.64;1040.90;542.64;589.32;26.16
26;63;2.70;6.25;0.04;0.10;98;66;53;97;12853;15102;15.40;16.73;6567;6286;7284;7818;9.63;5.77;7.41;9.32;0.10;0.09;0.14;0.10;834.83;902.87;682.05;1089.90;982.96;839.16;26.21
28;54;2.74;5.76;0.05;0.11;57;64;49;73;12187;12350;16.31;16.42;6094;6093;6130;6220;8.50;7.82;7.58;8.84;0.15;0.12;0.15;0.12;746.98;752.03;717.32;779.21;808.61;703.52;26.23
36;51;4.02;7.72;0.08;0.15;73;65;74;62;10130;8759;14.23;13.87;4983;5147;4286;4473;7.26;6.97;7.24;6.63;0.10;0.11;0.10;0.11;711.82;631.41;686.70;737.95;592.02;674.41;26.16
17;29;1.64;5.48;0.06;0.19;56;49;57;74;10623;6599;9.84;9.59;5191;5432;3264;3335;5.13;4.71;4.58;5.01;0.09;0.10;0.08;0.07;1079.88;687.88;1012.26;1153.52;712.19;665.65;26.09
27;70;2.73;5.91;0.04;0.08;81;74;59;77;22437;12506;16.72;17.04;11012;11425;6332;6174;9.12;7.60;8.55;8.49;0.11;0.10;0.14;0.11;1341.80;733.94;1207.60;1502.76;740.66;727.16;26.18
40;47;3.83;4.87;0.08;0.10;83;70;76;60;11788;11654;15.82;16.17;5936;5852;6003;5651;8.28;7.54;8.56;7.61;0.10;0.11;0.11;0.13;745.27;720.89;716.75;776.61;701.29;742.95;26.21
32;63;3.27;5.68;0.05;0.09;76;72;54;67;18745;16727;16.07;16.76;9326;9419;8403;8324;8.18;7.89;7.52;9.25;0.11;0.11;0.14;0.14;1166.61;997.89;1140.30;1193.88;1118.03;900.24;26.21
34;57;3.22;5.22;0.06;0.09;89;61;59;82;18579;13830;15.68;16.09;9199;9380;6936;6894;8.72;6.96;7.70;8.39;0.10;0.11;0.13;0.10;1184.73;859.50;1054.97;1347.24;901.14;821.32;26.31
15;38;1.50;3.09;0.04;0.08;68;51;47;82;10295;9931;13.26;13.52;5481;4814;4775;5156;7.59;5.67;6.40;7.11;0.11;0.11;0.14;0.09;776.50;734.73;722.53;848.69;745.59;724.96;26.14
19;71;2.01;5.97;0.03;0.08;66;52;74;72;11971;9586;17.42;16.52;5614;6357;4981;4605;9.30;8.12;7.03;9.50;0.14;0.16;0.09;0.13;687.04;580.20;603.49;782.74;708.95;484.94;26.23
19;63;1.69;5.34;0.03;0.08;85;58;42;70;9578;14549;15.02;16.57;4817;4761;7331;7218;8.55;6.47;7.57;9.00;0.10;0.11;0.18;0.13;637.73;877.80;563.22;736.27;967.99;801.92;26.43
46;54;4.74;4.94;0.09;0.09;82;63;66;75;9553;11025;15.71;15.89;5011;4542;5608;5417;8.98;6.73;7.07;8.82;0.11;0.11;0.11;0.12;608.11;693.82;558.20;674.67;793.32;614.08;26.22
43;81;4.55;6.53;0.06;0.08;66;69;56;70;14028;14672;17.15;17.43;7096;6932;7496;7176;8.86;8.28;7.40;10.03;0.13;0.12;0.13;0.14;818.14;842.01;800.50;837.02;1013.61;715.48;26.35
14;26;1.57;3.03;0.06;0.12;83;52;60;64;5469;8397;11.96;12.17;2771;2698;4336;4061;7.40;4.56;6.02;6.15;0.09;0.09;0.10;0.10;457.44;689.76;374.44;592.27;720.09;660.07;26.15
25;49;2.51;4.91;0.05;0.10;67;61;67;61;7795;8456;13.28;13.36;4318;3477;4588;3868;7.95;5.33;7.30;6.06;0.12;0.09;0.11;0.10;586.80;632.71;542.91;652.29;628.27;638.06;26.28
20;66;2.11;8.58;0.03;0.13;55;67;82;71;8867;7550;14.93;15.37;4363;4504;3840;3710;8.07;6.86;6.83;8.54;0.15;0.10;0.08;0.12;593.98;491.37;540.58;656.83;562.39;434.57;26.46
7;69;0.70;8.60;0.01;0.12;101;57;73;73;8376;9578;15.13;15.82;4278;4098;4656;4922;9.19;5.94;7.72;8.10;0.09;0.10;0.11;0.11;553.64;605.40;465.31;690.46;603.09;607.60;26.61
0;69;0.00;6.06;0.00;0.09;63;76;54;79;12675;8066;17.21;17.51;6176;6499;3819;4247;8.66;8.56;7.61;9.89;0.14;0.11;0.14;0.13;736.33;460.76;713.56;759.36;501.63;429.31;26.40
1;29;0.08;4.95;0.00;0.17;37;65;69;36;10305;7089;9.63;9.66;4728;5577;3420;3669;4.33;5.30;5.05;4.60;0.12;0.08;0.07;0.13;1070.11;734.22;1092.02;1052.21;676.92;797.11;26.31
0;99;0.00;9.02;0.00;0.09;90;65;80;71;12031;9861;17.23;16.49;6214;5817;4742;5119;10.00;7.23;7.90;8.58;0.11;0.11;0.10;0.12;698.42;598.18;621.38;805.04;599.96;596.53;26.31
0;75;0.00;8.15;0.00;0.11;74;50;69;61;12114;9628;16.98;15.87;6371;5743;4764;4864;9.97;7.01;7.85;8.03;0.13;0.14;0.11;0.13;713.24;606.53;638.98;818.80;607.06;606.01;26.36
0;58;0.00;5.42;0.00;0.09;85;67;63;66;9067;13873;16.69;17.88;4554;4513;6641;7232;8.95;7.75;7.67;10.20;0.11;0.12;0.12;0.15;543.20;776.03;509.09;582.58;865.60;708.69;26.44
4;22;0.92;5.15;0.04;0.23;46;48;50;48;6798;6133;9.60;8.41;3314;3484;3105;3028;5.01;4.59;4.41;4.00;0.11;0.10;0.09;0.08;708.11;729.19;661.33;759.20;704.09;756.85;26.16
0;34;0.00;16.18;0.00;0.48;32;35;47;43;8874;5299;11.32;10.66;4295;4579;2746;2553;5.73;5.59;4.98;5.68;0.18;0.16;0.11;0.13;783.60;497.11;749.60;818.42;551.81;449.22;26.02
17;28;1.66;3.35;0.06;0.12;71;46;59;50;12050;9055;14.80;15.16;5891;6159;4575;4480;7.58;7.21;7.51;7.66;0.11;0.16;0.13;0.15;814.34;597.15;776.93;853.66;609.47;585.07;26.38
10;16;0.97;1.88;0.06;0.12;51;45;48;43;5971;8105;9.00;10.97;3152;2819;3718;4387;5.29;3.71;5.51;5.47;0.10;0.08;0.11;0.13;663.45;738.63;595.58;760.32;675.20;802.54;26.38
19;55;1.86;7.69;0.03;0.14;74;39;54;47;15007;15859;15.26;16.23;7425;7582;7907;7952;9.44;5.82;8.08;8.14;0.13;0.15;0.15;0.17;983.62;977.40;786.81;1302.73;978.24;976.56;26.46
9;41;0.79;7.41;0.02;0.18;49;61;55;62;7973;8047;15.06;15.01;4042;3931;4341;3706;7.96;7.10;7.14;7.86;0.16;0.12;0.13;0.13;529.47;536.23;507.96;553.57;607.78;471.26;26.59
4;14;0.63;1.45;0.04;0.10;49;33;40;41;8310;7876;8.73;8.72;3823;4487;3810;4066;5.26;3.48;4.62;4.10;0.11;0.11;0.12;0.10;951.61;902.99;727.27;1290.86;825.16;990.52;26.44
5;59;0.54;6.18;0.01;0.10;64;68;69;66;9324;9308;15.35;15.51;4635;4689;4657;4651;8.13;7.22;7.17;8.34;0.13;0.11;0.10;0.13;607.30;600.23;570.19;649.06;649.59;557.79;26.50
4;42;0.40;10.63;0.01;0.25;58;43;42;55;5184;7440;11.62;12.43;2893;2291;3669;3771;7.27;4.35;5.20;7.24;0.13;0.10;0.12;0.13;446.00;598.42;397.67;526.86;706.24;521.03;26.52
17;42;1.61;4.40;0.04;0.10;70;48;45;64;7519;7715;9.63;11.05;3895;3624;3690;4025;5.28;4.35;4.35;6.70;0.08;0.09;0.10;0.10;780.48;698.35;737.63;832.45;848.58;600.84;26.52
0;42;0.00;4.08;0.00;0.10;55;70;57;39;5417;6967;11.06;12.09;2605;2812;3531;3436;5.84;5.22;6.63;5.45;0.11;0.07;0.12;0.14;489.66;576.43;445.99;538.51;532.41;629.95;26.48
0;45;0.00;5.51;0.00;0.12;78;49;60;56;6476;6021;13.07;12.63;3289;3187;3073;2948;7.79;5.28;5.73;6.90;0.10;0.11;0.10;0.12;495.48;476.74;422.23;603.55;536.00;427.47;26.53
0;43;0.00;7.99;0.00;0.19;79;45;51;61;3690;7284;11.09;12.00;1779;1911;3798;3486;6.57;4.52;5.35;6.66;0.08;0.10;0.10;0.11;332.79;606.79;270.69;423.15;710.27;523.67;26.51
2;35;0.19;5.99;0.01;0.17;80;71;71;55;7851;10563;13.67;15.29;3711;4140;5257;5306;7.52;6.15;7.12;8.18;0.09;0.09;0.10;0.15;574.50;690.65;493.75;673.18;738.59;648.93;26.38
0;50;0.00;7.23;0.00;0.14;70;60;64;40;7406;9989;14.73;15.42;3815;3591;5159;4830;7.61;7.12;7.88;7.54;0.11;0.12;0.12;0.19;502.91;647.75;501.34;504.60;654.99;640.19;26.55
3;35;0.35;5.65;0.01;0.16;54;46;37;35;5220;7234;10.86;12.35;2489;2731;3330;3904;5.96;4.90;5.61;6.74;0.11;0.11;0.15;0.19;480.56;585.52;417.45;557.35;593.24;579.09;26.50
1;46;0.14;9.63;0.00;0.21;53;46;42;48;5562;7351;11.73;12.06;3264;2298;3782;3569;6.41;5.32;4.85;7.21;0.12;0.12;0.12;0.15;474.23;609.58;509.26;432.02;780.37;494.81;26.56
6;59;0.64;12.01;0.01;0.20;48;43;41;44;8428;7987;10.61;10.76;4340;4088;3875;4112;6.15;4.46;5.49;5.27;0.13;0.10;0.13;0.12;794.39;742.37;705.87;916.39;706.38;779.82;26.46
1;56;0.03;9.81;0.00;0.18;70;64;67;47;6188;5602;13.83;13.93;3611;2577;3123;2479;8.01;5.83;7.01;6.92;0.11;0.09;0.10;0.15;447.37;402.15;450.99;442.40;445.28;358.41;26.43
0;56;0.00;8.66;0.00;0.15;64;53;50;60;8468;10954;14.76;14.99;4156;4312;5621;5333;8.07;6.70;7.30;7.68;0.13;0.13;0.15;0.13;573.67;730.97;515.25;644.06;769.57;694.27;26.51
0;64;0.00;9.30;0.00;0.15;63;59;63;65;7166;6055;13.47;13.65;3655;3511;3144;2911;7.52;5.94;5.97;7.68;0.12;0.10;0.09;0.12;532.15;443.54;485.81;590.82;526.91;378.81;26.59
0;70;0.00;9.00;0.00;0.13;70;45;48;61;13157;8341;14.62;14.16;6723;6434;4125;4216;8.72;5.89;6.74;7.42;0.12;0.13;0.14;0.12;900.11;589.25;770.58;1091.91;612.27;568.34;26.51
0;56;0.00;5.18;0.00;0.09;83;52;60;66;10781;8219;14.69;15.14;5004;5777;4162;4057;8.22;6.47;6.73;8.41;0.10;0.12;0.11;0.13;733.87;542.89;608.63;893.05;618.08;482.65;26.59
0;41;0.00;3.71;0.00;0.09;51;49;63;52;11065;12376;13.06;13.61;5073;5992;6049;6327;6.49;6.57;6.48;7.13;0.13;0.13;0.10;0.14;847.49;909.35;781.59;912.64;933.81;887.13;26.37
0;9;0.00;2.18;0.00;0.24;44;30;45;40;18407;9942;10.17;10.23;8888;9519;4889;5053;5.74;4.43;5.26;4.97;0.13;0.15;0.12;0.12;1810.02;971.62;1548.52;2148.86;929.73;1015.90;26.41
11;9;3.84;3.08;0.43;0.34;56;37;45;31;5864;5110;6.82;8.60;2518;3346;2473;2637;3.45;3.37;3.85;4.75;0.06;0.09;0.09;0.15;859.70;594.00;729.29;993.37;642.26;554.90;26.90
0;0;0.00;0.00;0.00;0.00;15;4;9;8;947;717;2.68;2.72;717;230;429;288;1.67;1.02;1.74;0.98;0.11;0.25;0.19;0.12;352.92;263.50;430.48;225.98;246.00;294.74;26.58
0;71;0.00;13.83;0.00;0.19;55;36;62;62;10851;9962;15.99;14.84;5884;4967;4826;5136;8.38;7.60;7.26;7.57;0.15;0.21;0.12;0.12;678.82;671.39;701.95;653.32;664.34;678.16;27.15
2;127;0.16;10.47;0.00;0.08;56;66;64;69;24862;10626;19.84;19.33;12249;12613;5102;5524;10.36;9.48;9.98;9.34;0.19;0.14;0.16;0.14;1252.84;549.84;1182.29;1329.92;511.09;591.24;27.48
6;77;0.60;8.02;0.01;0.10;58;55;50;61;22818;14180;18.56;18.76;11529;11289;6757;7423;9.66;8.90;7.96;10.80;0.17;0.16;0.16;0.18;1229.26;755.91;1193.22;1268.39;849.31;687.13;27.66
20;33;1.88;5.51;0.06;0.17;52;35;52;65;19219;8867;13.29;11.97;9119;10100;4644;4223;8.12;5.17;6.18;5.79;0.16;0.15;0.12;0.09;1446.41;740.95;1122.82;1955.15;751.50;729.70;27.15
17;24;1.63;6.01;0.07;0.25;45;37;61;38;9605;5803;11.02;9.62;4776;4829;2973;2830;6.07;4.94;4.97;4.64;0.13;0.13;0.08;0.12;871.98;603.32;786.62;976.81;597.60;609.45;27.02
0;83;0.00;14.82;0.00;0.18;46;49;60;67;12116;7378;17.52;16.21;5847;6269;3807;3571;9.45;8.07;7.39;8.81;0.21;0.16;0.12;0.13;691.56;455.20;618.55;777.12;514.85;405.15;27.27
6;49;0.59;13.51;0.01;0.28;68;80;86;66;5754;4394;11.64;11.11;2945;2809;2220;2174;6.59;5.05;6.11;5.01;0.10;0.06;0.07;0.08;494.30;395.41;447.13;555.77;363.50;434.35;27.05
1;108;0.09;12.07;0.00;0.11;54;75;68;82;5027;2836;11.85;10.22;2226;2801;1475;1361;5.42;6.43;5.25;4.97;0.10;0.09;0.08;0.06;424.19;277.49;410.94;435.34;281.16;273.63;27.15
0;44;0.00;3.83;0.00;0.09;38;48;57;54;8609;7544;9.88;9.07;4394;4215;3921;3623;5.44;4.44;4.24;4.83;0.14;0.09;0.07;0.09;871.55;832.08;808.00;949.39;925.35;750.25;27.46
2;50;0.22;6.82;0.00;0.14;54;42;53;53;7708;7647;13.44;12.62;4112;3596;3858;3789;8.48;4.96;6.29;6.33;0.16;0.12;0.12;0.12;573.53;606.17;484.82;725.29;613.71;598.68;27.29
5;26;1.19;6.57;0.05;0.25;51;26;42;34;4290;5577;7.81;8.28;2381;1909;2820;2757;4.31;3.50;4.34;3.93;0.08;0.13;0.10;0.12;549.61;673.89;552.98;545.46;649.54;700.76;26.89
2;104;0.18;11.27;0.00;0.11;51;52;72;61;12443;7637;16.32;15.25;6135;6308;4005;3632;8.95;7.37;7.86;7.39;0.18;0.14;0.11;0.12;762.30;500.70;685.45;855.61;509.53;491.32;27.46
0;87;0.00;12.21;0.00;0.14;73;42;54;55;9643;7012;15.57;14.19;4667;4976;3336;3676;9.45;6.12;6.99;7.20;0.13;0.15;0.13;0.13;619.34;494.10;493.64;813.65;477.24;510.45;27.23
5;75;0.41;11.21;0.01;0.15;51;55;64;72;13628;12292;18.09;16.40;6878;6750;6072;6220;9.62;8.47;7.79;8.61;0.19;0.15;0.12;0.12;753.26;749.52;715.09;796.59;779.69;722.24;27.58
1;18;1.19;2.44;0.07;0.14;63;30;42;41;6925;4118;8.27;8.01;3335;3590;2037;2081;5.90;2.37;4.31;3.70;0.09;0.08;0.10;0.09;837.28;514.12;564.98;1516.11;472.27;562.94;26.93
0;59;0.00;12.58;0.00;0.21;71;65;72;57;7192;7245;14.94;15.78;3741;3451;3839;3406;7.03;7.91;7.56;8.22;0.10;0.12;0.10;0.14;481.31;459.26;532.16;436.13;508.14;414.34;27.18
3;27;0.37;2.91;0.01;0.11;56;31;54;40;11873;9612;11.43;10.76;5819;6054;4605;5007;7.46;3.96;5.90;4.86;0.13;0.13;0.11;0.12;1039.13;892.92;779.73;1527.61;780.52;1029.24;27.24
2;89;0.20;8.66;0.00;0.10;77;65;73;71;19559;12875;19.02;18.56;9681;9878;6568;6307;10.74;8.28;9.48;9.08;0.14;0.13;0.13;0.13;1028.52;693.57;901.32;1193.61;692.93;694.24;27.75
1;40;0.09;3.93;0.00;0.10;59;27;41;58;12454;9044;10.60;9.33;6385;6069;4135;4909;7.62;2.98;4.27;5.06;0.13;0.11;0.10;0.09;1175.02;969.32;838.09;2036.26;969.05;969.55;26.96
14;49;1.30;4.89;0.03;0.10;54;54;57;58;10308;9064;13.68;13.41;4931;5377;4400;4664;6.50;7.18;6.69;6.72;0.12;0.13;0.12;0.12;753.44;675.80;758.08;749.24;657.40;694.12;27.21
7;57;0.62;11.01;0.01;0.19;56;71;61;72;13010;6709;15.56;14.34;6531;6479;3297;3412;7.51;8.05;6.42;7.92;0.13;0.11;0.11;0.11;836.12;467.81;869.19;805.23;513.26;430.94;27.24
6;103;0.56;11.64;0.01;0.11;62;70;69;84;8985;6650;16.26;15.23;4616;4369;3352;3298;8.56;7.70;6.42;8.81;0.14;0.11;0.09;0.10;552.65;436.62;539.10;567.74;522.06;374.35;27.58
0;37;0.00;11.69;0.00;0.32;47;35;52;45;8885;8081;10.85;9.95;4445;4440;3794;4287;5.81;5.04;5.33;4.62;0.12;0.14;0.10;0.10;818.82;812.10;764.91;880.98;712.28;927.08;27.21
9;84;1.39;10.05;0.02;0.12;68;79;65;65;14343;7319;15.00;14.06;7095;7248;3730;3589;7.68;7.32;6.99;7.07;0.11;0.09;0.11;0.11;956.07;520.64;923.34;990.44;533.91;507.53;27.72
10;84;0.89;10.65;0.01;0.13;56;46;60;68;10196;6414;15.03;14.32;5399;4797;3117;3297;9.07;5.96;6.92;7.39;0.16;0.13;0.12;0.11;678.25;447.97;595.24;804.54;450.19;445.88;27.41
27;74;2.37;7.25;0.03;0.10;66;65;72;77;17550;9233;17.89;17.07;8678;8872;4544;4689;9.23;8.66;7.85;9.23;0.14;0.13;0.11;0.12;980.98;540.74;939.88;1024.81;578.99;508.20;27.52
0;65;0.00;17.50;0.00;0.27;84;42;61;78;7022;4347;11.40;11.08;3617;3405;2209;2138;6.62;4.78;5.19;5.89;0.08;0.11;0.09;0.08;615.72;392.25;546.08;712.20;425.33;363.08;27.16
13;113;1.05;9.95;0.01;0.09;56;81;59;85;10292;8039;15.69;14.27;5303;4989;4183;3856;8.16;7.53;6.35;7.92;0.15;0.09;0.11;0.09;656.04;563.45;649.70;662.92;658.92;486.92;27.50
6;36;0.58;3.29;0.02;0.09;89;61;51;60;8689;20036;17.69;17.65;4262;4427;10032;10004;10.44;7.25;7.78;9.86;0.12;0.12;0.15;0.16;491.16;1135.36;408.36;610.28;1288.84;1014.25;27.62
13;53;1.23;10.07;0.02;0.19;47;47;44;63;7210;3784;9.35;8.87;3511;3699;2131;1653;5.01;4.34;3.89;4.98;0.11;0.09;0.09;0.08;771.36;426.77;700.99;852.60;547.87;332.14;27.16
8;23;1.60;1.91;0.07;0.08;57;35;50;57;14259;12795;12.56;11.58;6859;7400;6182;6613;7.74;4.81;5.35;6.23;0.14;0.14;0.11;0.11;1135.70;1104.96;886.00;1537.28;1155.75;1061.35;27.46
1;43;0.09;14.47;0.00;0.34;49;35;41;66;5039;3462;9.15;7.98;2913;2126;1774;1688;5.24;3.91;4.01;3.97;0.11;0.11;0.10;0.06;550.76;433.85;556.15;543.53;442.92;424.71;26.95
7;68;0.71;11.96;0.01;0.18;85;41;63;73;14443;6557;13.36;13.81;7240;7203;3296;3261;7.51;5.85;6.29;7.51;0.09;0.14;0.10;0.10;1080.92;474.88;963.87;1231.22;523.78;433.94;27.53
1;3;0.57;0.23;0.19;0.08;30;23;30;33;6949;6383;5.50;5.07;3432;3517;3159;3224;2.68;2.82;2.17;2.90;0.09;0.12;0.07;0.09;1263.19;1258.82;1281.12;1246.17;1457.09;1110.73;26.78
6;7;2.36;0.53;0.34;0.08;60;26;56;39;4813;3844;7.69;8.56;2191;2622;1931;1913;4.54;3.15;5.05;3.51;0.08;0.12;0.09;0.09;625.96;448.94;482.24;833.54;382.39;544.60;26.95
2;0;0.34;0.00;0.34;0.00;34;11;16;16;4315;4571;4.20;4.10;2227;2088;2287;2284;3.08;1.13;1.90;2.20;0.09;0.10;0.12;0.14;1026.38;1115.98;723.48;1854.48;1204.52;1039.47;26.75
0;0;0.00;0.00;0.00;0.00;59;55;55;60;9749;12678;12.98;13.16;4661;5088;6511;6167;6.39;6.59;6.73;6.43;0.11;0.12;0.12;0.11;750.97;963.49;729.03;772.27;967.43;959.37;27.06
0;0;0.00;0.00;0.00;0.00;41;36;29;34;4545;8307;8.04;7.77;2309;2236;4129;4178;4.25;3.79;3.39;4.38;0.10;0.11;0.12;0.13;565.18;1069.06;543.14;589.91;1218.65;953.41;26.92
1;0;0.13;0.00;0.13;0.00;47;43;43;50;22948;16381;13.02;13.11;11261;11687;8006;8375;5.49;7.53;5.83;7.28;0.12;0.18;0.14;0.15;1762.32;1249.67;2051.29;1551.69;1373.13;1150.76;27.21
0;0;0.00;0.00;0.00;0.00;57;41;44;39;15230;13282;13.33;13.66;7597;7633;6584;6698;6.60;6.74;7.53;6.13;0.12;0.16;0.17;0.16;1142.15;972.27;1151.79;1132.72;874.28;1092.65;27.05
0;0;0.00;0.00;0.00;0.00;30;28;35;24;11588;10472;8.96;8.89;5923;5665;4965;5507;5.25;3.71;4.60;4.29;0.18;0.13;0.13;0.18;1292.77;1178.37;1127.62;1526.51;1079.95;1283.86;26.88
4;0;0.66;0.00;0.66;0.00;35;26;35;31;7188;5215;7.24;7.12;3810;3378;2635;2580;4.58;2.67;3.76;3.35;0.13;0.10;0.11;0.11;992.26;732.89;832.05;1267.54;699.93;769.92;26.95
0;0;0.00;0.00;0.00;0.00;43;32;53;33;5604;6287;11.51;10.83;2752;2852;3117;3170;5.69;5.82;6.00;4.83;0.13;0.18;0.11;0.15;486.96;580.43;483.52;490.32;519.66;655.84;27.17
1;0;0.11;0.00;0.11;0.00;35;41;40;38;12620;7901;11.51;11.16;5983;6637;4012;3889;5.53;5.98;5.90;5.26;0.16;0.15;0.15;0.14;1096.85;707.82;1082.13;1110.46;679.78;739.27;27.10
0;0;0.00;0.00;0.00;0.00;46;46;46;33;7660;13963;11.24;11.26;3807;3853;7197;6766;5.58;5.66;6.53;4.74;0.12;0.12;0.14;0.14;681.71;1239.65;682.68;680.76;1102.59;1428.54;26.93
14;11;1.46;0.91;0.13;0.08;57;40;53;53;3779;6724;9.61;9.59;1579;2200;3265;3459;4.82;4.80;4.34;5.25;0.08;0.12;0.08;0.10;393.07;701.32;327.75;458.68;752.65;658.90;26.83
0;0;0.00;0.00;0.00;0.00;31;31;35;22;3784;6724;7.44;7.46;1984;1800;3419;3305;3.96;3.48;4.20;3.26;0.13;0.11;0.12;0.15;508.57;900.94;500.75;517.47;813.55;1013.58;26.79
8;13;0.79;1.30;0.06;0.10;41;42;42;50;5449;4404;8.61;8.79;2596;2853;2125;2279;4.81;3.80;3.45;5.35;0.12;0.09;0.08;0.11;632.94;500.88;540.19;750.13;616.80;426.19;27.01
0;8;0.00;9.95;0.00;1.24;51;29;40;43;10574;12061;10.01;10.09;5544;5030;6163;5898;6.38;3.62;5.00;5.09;0.13;0.12;0.13;0.12;1056.84;1195.38;868.48;1388.81;1231.82;1159.54;27.01
33;34;2.81;3.09;0.08;0.09;62;59;49;54;10682;13269;13.64;14.09;5216;5466;6858;6411;6.85;6.80;6.65;7.44;0.11;0.12;0.14;0.14;782.97;941.74;761.87;804.21;1030.68;862.15;27.31
0;0;0.00;0.00;0.00;0.00;60;49;58;53;7445;5367;11.91;11.56;3625;3820;2631;2736;6.59;5.32;5.89;5.67;0.11;0.11;0.10;0.11;624.92;464.32;550.01;717.70;446.43;482.94;27.02
0;20;0.00;1.79;0.00;0.09;65;46;65;49;8659;7528;13.27;14.08;4092;4567;3790;3738;7.01;6.26;7.32;6.77;0.11;0.14;0.11;0.14;652.35;534.51;583.82;729.03;518.01;552.35;27.33
10;7;1.06;0.47;0.15;0.07;45;38;60;42;12803;6225;10.78;9.22;6490;6313;2726;3499;6.27;4.51;4.41;4.81;0.14;0.12;0.07;0.11;1188.09;675.33;1035.59;1400.05;618.43;727.49;27.11
0;0;0.00;0.00;0.00;0.00;55;51;70;52;9103;12736;13.25;13.17;4649;4454;6121;6615;7.34;5.91;7.34;5.83;0.13;0.12;0.10;0.11;687.19;967.10;633.78;753.47;834.17;1134.36;27.09
0;0;0.00;0.00;0.00;0.00;73;65;65;75;7274;6335;15.27;15.03;3387;3887;2989;3346;7.90;7.37;7.35;7.68;0.11;0.11;0.11;0.10;476.33;421.38;428.74;527.33;406.52;435.62;27.33
9;15;0.85;1.01;0.06;0.07;37;27;37;39;7969;4704;7.86;8.04;4034;3935;2398;2306;3.61;4.25;4.05;4.00;0.10;0.16;0.11;0.10;1013.66;585.03;1117.95;925.19;592.77;577.18;27.01
0;0;0.00;0.00;0.00;0.00;42;43;58;43;10554;7576;14.91;13.49;5263;5291;3801;3775;6.94;7.97;7.30;6.19;0.17;0.19;0.13;0.14;707.83;561.47;758.46;663.76;520.43;609.90;27.53
0;0;0.00;0.00;0.00;0.00;73;45;67;54;10462;10599;14.56;15.17;5321;5141;5257;5342;8.41;6.16;7.60;7.56;0.12;0.14;0.11;0.14;718.44;698.88;632.95;835.21;691.56;706.24;27.25
5;7;0.50;0.49;0.07;0.07;40;41;51;36;9328;5363;9.42;9.62;4460;4868;2429;2934;3.48;5.94;4.27;5.35;0.09;0.14;0.08;0.15;990.70;557.66;1282.91;819.65;569.31;548.37;27.12
0;13;0.00;1.73;0.00;0.13;35;21;23;35;7467;5950;7.42;7.87;3907;3560;3409;2541;3.88;3.54;3.52;4.36;0.11;0.17;0.15;0.12;1006.18;755.65;1005.88;1006.51;969.25;583.22;26.88
0;0;0.00;0.00;0.00;0.00;61;34;54;51;14309;10712;13.51;13.26;7133;7176;5479;5233;8.10;5.41;6.34;6.92;0.13;0.16;0.12;0.14;1059.21;807.87;880.44;1327.07;864.48;756.03;27.32
12;1;0.92;2.24;0.92;2.24;41;45;40;64;8931;5997;11.67;10.32;4028;4903;2893;3104;6.26;5.41;4.66;5.66;0.15;0.12;0.12;0.09;765.21;581.28;643.35;906.22;621.09;548.52;27.42
1;0;0.09;0.00;0.09;0.00;39;43;41;45;9228;7045;10.98;10.77;4445;4783;3571;3474;6.17;4.82;6.06;4.71;0.16;0.11;0.15;0.10;840.10;654.09;720.57;993.22;589.55;737.03;27.03
0;1;0.00;0.04;0.00;0.04;6;8;9;15;2095;630;1.78;1.61;944;1151;289;341;0.69;1.09;0.79;0.82;0.11;0.14;0.09;0.05;1175.23;391.66;1368.24;1053.36;365.53;416.92;26.63
0;19;0.00;12.44;0.00;0.65;53;40;58;49;6769;4189;12.52;11.42;3729;3040;2314;1875;7.71;4.81;6.20;5.23;0.15;0.12;0.11;0.11;540.52;366.66;483.48;631.99;373.29;358.79;26.97
0;0;0.00;0.00;0.00;0.00;47;43;53;71;9222;7382;16.21;15.06;4380;4842;3369;4013;8.31;7.89;6.47;8.60;0.18;0.18;0.12;0.12;568.99;490.15;526.86;613.35;521.08;466.89;27.55
0;0;0.00;0.00;0.00;0.00;53;21;44;29;2244;2565;5.64;7.17;1183;1061;1287;1278;3.64;2.00;3.95;3.23;0.07;0.10;0.09;0.11;398.19;357.53;325.08;531.46;326.10;395.98;26.80
0;0;0.00;0.00;0.00;0.00;33;23;41;30;4867;2304;6.54;4.97;2679;2188;1127;1177;3.97;2.57;2.86;2.10;0.12;0.11;0.07;0.07;744.72;463.91;674.81;852.92;393.52;559.80;26.75
1;10;0.16;1.09;0.02;0.11;49;51;60;61;8894;8407;14.20;13.74;4173;4721;4176;4231;6.07;8.13;6.34;7.40;0.12;0.16;0.11;0.12;626.38;612.05;687.19;580.94;659.10;571.77;27.37
12;46;3.70;10.19;0.08;0.22;94;63;61;88;9020;7601;14.46;14.61;4305;4715;3669;3932;8.24;6.22;6.70;7.91;0.09;0.10;0.11;0.09;623.67;520.38;522.38;757.82;547.78;497.17;27.73
0;10;0.00;7.35;0.00;0.74;30;29;34;37;4365;2793;5.93;4.91;2240;2125;1444;1349;2.79;3.13;1.87;3.04;0.09;0.11;0.06;0.08;736.50;568.97;802.30;677.89;771.00;444.33;26.76
3;103;0.22;14.49;0.00;0.14;99;63;81;65;14299;9301;16.67;16.19;7257;7042;4658;4643;9.80;6.87;8.99;7.20;0.10;0.11;0.11;0.11;857.81;574.60;740.81;1024.58;518.33;644.82;27.35
0;131;0.00;11.24;0.00;0.09;68;74;63;54;11350;9861;17.43;17.51;5635;5715;4941;4920;8.23;9.20;8.96;8.56;0.12;0.12;0.14;0.16;651.01;563.04;684.35;621.17;551.71;574.90;27.65
3;113;0.28;11.04;0.00;0.10;64;73;85;72;11657;10640;18.05;17.04;6020;5637;5292;5348;9.26;8.78;8.68;8.36;0.14;0.12;0.10;0.12;645.93;624.57;649.88;641.76;609.92;639.78;27.63
2;76;0.20;8.82;0.00;0.12;63;64;66;81;9099;8361;13.84;13.61;4429;4670;4033;4328;7.71;6.13;6.33;7.28;0.12;0.10;0.10;0.09;657.38;614.32;574.57;761.45;637.33;594.32;27.38
3;15;0.25;9.94;0.02;0.66;49;46;49;63;6758;5460;12.78;11.16;3931;2827;2862;2598;8.31;4.47;5.13;6.03;0.17;0.10;0.10;0.10;528.96;489.23;473.30;632.37;558.04;430.71;26.87
2;102;0.14;10.82;0.00;0.11;54;50;68;78;11005;8730;17.81;16.91;5422;5583;4291;4439;9.57;8.24;8.36;8.55;0.18;0.16;0.12;0.11;617.92;516.27;566.57;677.54;513.42;519.06;27.23
17;129;1.63;11.22;0.01;0.09;75;72;76;81;11481;7726;16.18;15.83;5604;5877;3740;3986;8.43;7.75;7.23;8.60;0.11;0.11;0.10;0.11;709.80;488.16;665.12;758.37;517.27;463.67;27.25
4;16;0.47;1.22;0.03;0.08;69;19;55;38;4991;3375;8.84;7.64;2850;2141;1936;1439;6.86;1.98;4.24;3.40;0.10;0.10;0.08;0.09;564.77;441.87;415.74;1080.21;456.89;423.16;26.74
6;95;0.62;11.07;0.01;0.12;80;94;94;90;8035;8150;15.74;16.07;3911;4124;3867;4283;7.83;7.91;7.56;8.51;0.10;0.08;0.08;0.09;510.59;507.11;499.43;521.65;511.17;503.50;27.06
4;15;0.99;5.26;0.07;0.35;54;36;64;52;13786;8336;10.47;9.65;6784;7002;4202;4134;6.93;3.54;5.20;4.45;0.13;0.10;0.08;0.09;1316.58;863.86;978.50;1979.10;807.61;929.69;27.51
2;67;0.19;6.20;0.00;0.09;69;43;42;66;11831;13233;15.70;15.66;6204;5627;6339;6894;9.33;6.37;5.79;9.87;0.14;0.15;0.14;0.15;753.57;845.01;664.65;883.96;1094.01;698.77;27.11
0;22;0.00;2.60;0.00;0.12;40;42;53;59;18186;7588;11.51;10.10;8344;9842;3668;3920;6.48;5.03;5.77;4.33;0.16;0.12;0.11;0.07;1579.65;751.14;1286.92;1957.07;635.27;905.71;26.97
0;80;0.00;15.00;0.00;0.19;63;48;61;52;5094;5773;14.05;13.95;2697;2397;3000;2773;8.27;5.79;7.72;6.24;0.13;0.12;0.13;0.12;362.45;413.75;326.20;414.25;388.71;444.73;26.71
19;85;1.92;8.54;0.02;0.10;62;65;75;63;9969;8699;15.30;14.80;5185;4784;4199;4500;8.48;6.82;7.58;7.21;0.14;0.10;0.10;0.11;651.58;587.88;611.22;701.82;553.79;623.72;27.09
1;72;0.44;6.10;0.01;0.08;67;62;63;65;9431;13806;16.58;15.63;5083;4348;7059;6747;9.42;7.16;7.39;8.24;0.14;0.12;0.12;0.13;568.89;883.14;539.65;607.37;955.03;818.66;27.19
1;58;0.08;8.99;0.00;0.15;45;28;39;55;12565;5632;8.46;8.65;6215;6350;2928;2704;4.65;3.82;3.84;4.81;0.10;0.14;0.10;0.09;1484.74;651.30;1337.27;1664.38;762.10;562.72;26.73
7;51;0.64;11.25;0.01;0.22;108;32;54;82;9903;5048;13.04;10.90;5161;4742;2618;2430;9.62;3.42;4.38;6.52;0.09;0.11;0.08;0.08;759.59;463.05;536.63;1386.58;597.56;372.68;26.78
1;59;0.09;11.99;0.00;0.20;57;60;80;58;8948;9281;17.67;17.11;4528;4420;4783;4498;8.28;9.39;9.29;7.82;0.15;0.16;0.12;0.13;506.52;542.30;546.98;470.85;514.82;574.94;27.44
3;9;0.17;2.33;0.02;0.26;20;26;36;31;6770;3524;4.97;4.44;2758;4012;1499;2025;2.44;2.53;1.90;2.53;0.12;0.10;0.05;0.08;1362.46;794.46;1129.72;1587.26;787.84;799.42;27.27
2;79;0.49;12.30;0.01;0.16;80;52;76;76;10438;7336;15.48;13.76;5299;5139;3967;3369;8.55;6.93;7.22;6.53;0.11;0.13;0.10;0.09;674.28;533.31;620.05;741.12;549.09;515.86;27.48
0;81;0.00;9.57;0.00;0.12;50;53;54;56;9255;6495;13.67;13.13;4444;4811;3215;3280;6.43;7.23;6.18;6.95;0.13;0.14;0.11;0.12;677.07;494.53;690.64;664.99;519.92;471.95;27.09
17;71;1.54;8.94;0.02;0.13;60;60;73;83;6515;5436;13.11;12.64;3440;3075;2623;2813;7.01;6.09;5.37;7.26;0.12;0.10;0.07;0.09;497.07;430.20;490.45;504.69;488.03;387.39;26.96
0;26;0.00;12.66;0.00;0.49;37;29;36;41;4696;3449;7.34;7.60;2666;2030;1818;1631;3.81;3.52;3.18;4.42;0.10;0.12;0.09;0.11;640.10;453.60;699.23;576.12;571.10;368.97;26.60
1;25;0.09;1.79;0.00;0.07;30;42;30;51;11873;9197;9.26;9.48;5694;6179;4440;4757;4.85;4.41;4.49;4.99;0.16;0.10;0.15;0.10;1282.82;970.65;1174.41;1402.10;989.13;954.01;27.46
1;13;0.09;16.56;0.01;1.27;67;45;40;124;3647;2647;9.45;9.92;2006;1641;1571;1076;5.32;4.13;4.68;5.24;0.08;0.09;0.12;0.04;386.02;266.81;377.20;397.37;335.49;205.41;26.74
2;88;0.20;7.47;0.00;0.08;59;55;72;69;18284;9053;16.73;16.10;9099;9185;4570;4483;8.63;8.11;7.81;8.28;0.15;0.15;0.11;0.12;1092.62;562.47;1054.54;1133.16;584.92;541.28;27.20
15;40;1.52;4.67;0.04;0.12;71;63;74;53;8297;9137;13.60;13.71;3745;4552;4568;4569;7.97;5.63;7.14;6.57;0.11;0.09;0.10;0.12;610.19;666.43;470.02;808.58;639.34;695.90;27.14
24;50;2.11;11.23;0.04;0.22;63;84;63;99;6295;4235;12.29;11.13;2909;3386;1887;2348;5.80;6.49;4.15;6.97;0.09;0.08;0.07;0.07;512.19;380.66;501.36;521.87;454.26;336.81;27.06
0;115;0.00;12.02;0.00;0.10;76;65;72;79;14334;10933;17.59;16.82;7445;6889;5552;5381;10.43;7.17;7.73;9.09;0.14;0.11;0.11;0.12;814.84;650.14;714.09;961.45;718.46;592.05;27.39
