qt_l_click;qt_r_click;total_time_l_click;total_time_r_click;avg_time_l_click;avg_time_r_click;l_mov_count;r_mov_count;u_mov_count;d_mov_count;total_hor_dist;total_ver_dist;total_hor_time;total_ver_time;total_dist_l_mov;total_dist_r_mov;total_dist_u_mov;total_dist_d_mov;total_time_l_mov;total_time_r_mov;total_time_u_mov;total_time_d_mov;avg_time_l_mov;avg_time_r_mov;avg_time_u_mov;avg_time_d_mov;hor_speed;ver_speed;l_speed;r_speed;u_speed;d_speed;total_capture_time
1;87;0.14;8.25;0.00;0.09;66;74;78;80;39010;15761;17.16;16.11;19291;19719;8212;7549;8.33;8.83;8.32;7.80;0.13;0.12;0.11;0.10;2273.60;978.12;2315.65;2233.92;987.45;968.16;26.66
2;87;0.26;9.62;0.00;0.11;83;69;56;99;16750;12773;16.17;15.86;8864;7886;6355;6418;9.07;7.10;7.89;7.97;0.11;0.10;0.14;0.08;1035.71;805.49;976.87;1110.92;805.38;805.61;26.72
17;48;1.63;4.73;0.03;0.10;58;71;76;62;32828;21003;14.13;12.85;17296;15532;10167;10836;7.34;6.79;8.13;4.73;0.13;0.10;0.11;0.08;2323.63;1633.98;2355.88;2288.75;1250.78;2293.17;26.63
3;87;0.27;8.68;0.00;0.10;86;72;87;87;36347;13700;16.09;15.89;18188;18159;7021;6679;9.24;6.86;7.91;7.98;0.11;0.10;0.09;0.09;2258.71;862.23;1969.09;2648.96;887.18;837.47;26.62
0;95;0.00;9.68;0.00;0.10;84;72;73;90;35649;22769;17.26;17.01;18324;17325;11394;11375;9.97;7.29;7.60;9.41;0.12;0.10;0.10;0.10;2065.68;1338.58;1837.88;2377.32;1499.65;1208.56;26.65
20;19;3.14;1.37;0.17;0.07;59;56;85;59;18847;17499;11.91;11.75;9199;9648;8351;9148;5.86;6.05;6.30;5.45;0.10;0.11;0.07;0.09;1581.89;1489.88;1569.87;1593.52;1326.32;1678.87;26.67
1;98;0.12;8.98;0.00;0.09;80;66;73;82;34746;30582;18.49;18.50;17429;17317;15183;15399;10.22;8.27;9.19;9.32;0.13;0.13;0.13;0.11;1879.18;1652.68;1705.16;2094.31;1652.34;1653.02;26.69
3;82;0.34;8.77;0.00;0.11;72;61;66;74;31365;19256;16.48;15.13;15330;16035;9606;9650;8.55;7.93;7.59;7.54;0.12;0.13;0.11;0.10;1903.35;1272.82;1793.32;2021.94;1266.09;1279.59;26.57
0;69;0.00;7.32;0.00;0.11;69;90;51;110;22943;23182;17.00;15.84;11122;11821;11734;11448;9.68;7.32;5.39;10.45;0.14;0.08;0.11;0.09;1349.34;1463.11;1148.87;1614.39;2175.02;1095.56;26.73
12;61;1.35;5.07;0.02;0.08;73;74;77;49;37779;29494;14.29;14.73;18924;18855;14652;14842;7.61;6.68;8.38;6.35;0.10;0.09;0.11;0.13;2643.74;2002.68;2485.97;2823.59;1748.06;2339.02;26.71
0;78;0.00;9.09;0.00;0.12;77;67;64;85;19701;14936;15.80;15.91;10951;8750;6920;8016;7.61;8.19;7.66;8.25;0.10;0.12;0.12;0.10;1246.75;938.55;1439.08;1068.08;903.04;971.52;26.67
4;65;0.73;6.11;0.01;0.09;37;36;37;33;34238;19786;10.52;9.21;16156;18082;10357;9429;5.21;5.30;4.94;4.27;0.14;0.15;0.13;0.13;3255.77;2147.60;3099.09;3409.79;2095.85;2207.47;26.57
4;64;2.27;11.31;0.04;0.18;88;85;58;107;10365;7478;12.38;13.76;3892;6473;3378;4100;6.03;6.35;6.02;7.74;0.07;0.07;0.10;0.07;837.34;543.44;645.53;1019.47;561.04;529.75;26.70
15;54;2.29;6.06;0.04;0.11;61;69;33;72;24790;15233;12.16;11.71;13700;11090;7941;7292;5.92;6.24;5.00;6.72;0.10;0.09;0.15;0.09;2039.42;1300.35;2314.24;1778.51;1588.38;1085.91;26.86
0;94;0.00;10.69;0.00;0.11;99;63;94;88;23778;12418;18.05;15.57;12892;10886;6473;5945;11.06;6.99;8.79;6.78;0.11;0.11;0.09;0.08;1317.04;797.69;1165.32;1557.12;736.25;877.42;26.76
2;79;0.33;8.28;0.00;0.10;77;58;63;80;34216;22161;15.37;15.11;17314;16902;10879;11282;8.62;6.75;5.80;9.30;0.11;0.12;0.09;0.12;2226.40;1467.13;2008.92;2504.10;1874.45;1212.96;26.71
6;48;0.63;4.30;0.01;0.09;60;54;53;60;30299;27218;16.26;14.90;15994;14305;13145;14073;8.14;8.12;7.27;7.64;0.14;0.15;0.14;0.13;1863.77;1826.32;1965.01;1762.25;1809.19;1842.62;26.64
3;60;0.28;5.94;0.00;0.10;82;42;64;76;24826;17966;13.77;13.24;12434;12392;8999;8967;8.74;5.03;6.47;6.77;0.11;0.12;0.10;0.09;1803.23;1357.21;1423.13;2463.39;1391.26;1324.67;26.67
7;53;2.95;5.91;0.06;0.11;64;48;60;76;26492;12449;12.10;10.46;13760;12732;6205;6244;7.33;4.76;4.60;5.86;0.11;0.10;0.08;0.08;2189.98;1190.11;1876.49;2672.51;1348.26;1065.87;26.73
5;61;0.44;7.26;0.01;0.12;69;53;66;64;45383;30817;18.30;17.34;22790;22593;14689;16128;11.21;7.10;8.90;8.44;0.16;0.13;0.13;0.13;2479.60;1777.34;2033.50;3184.22;1651.06;1910.41;26.73
34;0;3.92;0.00;3.92;0.00;51;37;49;39;24089;20006;10.90;10.85;11283;12806;10062;9944;6.63;4.28;5.28;5.56;0.13;0.12;0.11;0.14;2209.64;1844.57;1702.85;2994.99;1904.94;1787.26;26.70
5;87;0.62;10.11;0.01;0.12;80;63;82;76;28995;20994;16.34;15.81;14563;14432;10783;10211;10.12;6.22;8.60;7.20;0.13;0.10;0.10;0.09;1774.32;1328.07;1438.84;2320.21;1253.22;1417.47;26.79
24;3;2.71;0.23;0.90;0.08;49;47;45;44;20042;24843;9.70;9.89;10023;10019;12461;12382;5.35;4.35;3.92;5.97;0.11;0.09;0.09;0.14;2065.26;2512.40;1873.24;2301.23;3177.34;2075.31;26.66
3;89;0.39;10.50;0.00;0.12;79;80;74;67;31001;31496;16.11;16.25;15968;15033;15932;15564;8.75;7.35;9.10;7.15;0.11;0.09;0.12;0.11;1924.92;1938.17;1823.99;2045.12;1750.60;2176.92;26.77
7;79;0.54;8.44;0.01;0.11;56;78;79;70;37618;20088;14.13;12.98;18798;18820;9740;10348;7.00;7.13;6.35;6.63;0.12;0.09;0.08;0.09;2662.30;1547.90;2686.92;2638.16;1534.61;1560.61;26.69
9;60;0.90;5.98;0.01;0.10;42;66;80;68;34692;14440;14.25;12.87;16954;17738;7280;7160;6.79;7.46;6.62;6.25;0.16;0.11;0.08;0.09;2435.04;1121.62;2498.03;2377.73;1099.49;1145.05;26.77
4;79;1.80;7.14;0.02;0.09;72;70;86;53;33635;19764;12.53;12.46;17259;16376;10364;9400;5.71;6.81;7.74;4.72;0.08;0.10;0.09;0.09;2685.08;1585.83;3020.19;2403.96;1338.26;1992.15;26.75
2;55;0.39;6.93;0.01;0.13;80;56;49;81;6016;8428;10.21;12.22;2101;3915;3916;4512;5.07;5.13;5.88;6.35;0.06;0.09;0.12;0.08;589.42;689.53;413.99;762.91;666.34;711.00;26.81
2;88;0.18;9.38;0.00;0.11;92;76;70;92;42031;25166;17.49;16.75;20121;21910;13014;12152;9.06;8.44;8.49;8.26;0.10;0.11;0.12;0.09;2402.99;1502.64;2222.06;2597.20;1532.95;1471.48;26.79
5;84;0.53;11.74;0.01;0.14;80;73;72;72;37345;17964;17.60;17.02;18735;18610;9109;8855;9.57;8.03;8.20;8.82;0.12;0.11;0.11;0.12;2121.73;1055.18;1957.18;2317.91;1110.68;1003.60;26.79
19;46;1.56;4.63;0.03;0.10;74;43;56;54;7322;12202;7.98;8.20;3082;4240;5799;6403;4.06;3.92;3.94;4.26;0.05;0.09;0.07;0.08;918.10;1488.34;759.19;1082.85;1470.93;1504.48;26.72
1;80;0.15;9.98;0.00;0.12;78;53;60;67;23599;17968;12.62;12.34;11848;11751;8795;9173;7.59;5.03;5.14;7.20;0.10;0.09;0.09;0.11;1870.68;1456.32;1561.34;2337.66;1712.16;1273.82;26.74
0;70;0.00;8.24;0.00;0.12;81;70;67;96;19867;12239;16.26;14.80;10998;8869;6121;6118;8.55;7.71;6.77;8.03;0.11;0.11;0.10;0.08;1221.81;826.68;1286.74;1149.87;903.79;761.67;26.69
11;58;1.37;4.78;0.02;0.08;60;58;71;73;54234;21636;15.26;14.25;27342;26892;10458;11178;9.31;5.96;8.33;5.92;0.16;0.10;0.12;0.08;3552.94;1518.00;2937.21;4515.33;1254.81;1888.63;26.69
0;79;0.00;8.07;0.00;0.10;63;66;60;72;32568;20615;17.68;16.35;15973;16595;10528;10087;8.81;8.87;7.54;8.81;0.14;0.13;0.13;0.12;1842.47;1260.76;1813.19;1871.55;1395.99;1144.99;26.73
1;95;0.14;8.99;0.00;0.09;73;66;68;78;38017;29904;17.32;16.63;20099;17918;15182;14722;9.65;7.67;8.43;8.21;0.13;0.12;0.12;0.11;2195.34;1797.84;2083.61;2335.83;1801.72;1793.86;26.75
1;69;0.07;7.61;0.00;0.11;71;77;70;67;22248;17598;17.00;17.15;11087;11161;9013;8585;8.87;8.14;8.63;8.52;0.12;0.11;0.12;0.13;1308.50;1025.91;1250.63;1371.54;1043.94;1007.64;26.84
1;90;0.08;9.99;0.00;0.11;83;80;60;117;22768;16669;16.55;16.51;10699;12069;7862;8807;8.76;7.79;6.57;9.94;0.11;0.10;0.11;0.08;1376.02;1009.93;1221.88;1549.29;1197.02;886.27;26.78
1;67;0.16;7.80;0.00;0.12;87;68;50;92;27822;29469;16.58;17.57;13569;14253;14686;14783;9.67;6.91;5.80;11.77;0.11;0.10;0.12;0.13;1677.71;1677.52;1402.71;2062.70;2533.85;1255.88;26.79
1;70;0.08;8.41;0.00;0.12;53;57;39;65;26000;13215;11.20;11.09;13072;12928;6723;6492;5.98;5.22;4.97;6.12;0.11;0.09;0.13;0.09;2321.42;1191.93;2184.28;2478.77;1354.00;1060.48;26.74
5;55;0.54;4.93;0.01;0.09;52;54;50;70;36019;15969;14.33;13.70;17239;18780;7817;8152;6.40;7.93;5.19;8.51;0.12;0.15;0.10;0.12;2514.17;1165.73;2695.27;2368.12;1506.30;958.03;26.75
12;18;1.95;1.72;0.11;0.10;45;52;49;58;29902;17318;10.59;10.11;14753;15149;8591;8727;5.38;5.22;4.47;5.64;0.12;0.10;0.09;0.10;2822.84;1712.35;2744.09;2903.99;1921.32;1546.74;26.70
8;9;0.82;1.15;0.09;0.13;63;25;42;38;9670;5320;6.75;6.85;4007;5663;2954;2366;4.13;2.62;3.31;3.54;0.07;0.10;0.08;0.09;1431.65;776.69;969.06;2161.89;893.53;667.69;26.60
4;62;0.45;7.25;0.01;0.12;91;56;56;74;37041;27689;16.73;16.02;18346;18695;13583;14106;8.80;7.93;9.22;6.79;0.10;0.14;0.16;0.09;2213.77;1728.65;2084.03;2357.81;1472.72;2076.04;26.82
0;57;0.00;8.40;0.00;0.15;61;67;66;80;40804;14815;15.25;14.43;20021;20783;7754;7061;8.02;7.23;6.90;7.53;0.13;0.11;0.10;0.09;2674.99;1026.50;2496.61;2872.73;1124.11;937.13;26.76
0;75;0.00;8.30;0.00;0.11;95;56;72;96;16092;14635;18.42;17.95;8024;8068;7298;7337;11.22;7.21;9.00;8.95;0.12;0.13;0.12;0.09;873.45;815.49;715.33;1119.57;810.91;820.09;26.28
3;67;0.27;6.51;0.00;0.10;78;39;79;58;36539;16154;13.68;12.45;17784;18755;8293;7861;7.82;5.86;6.59;5.86;0.10;0.15;0.08;0.10;2670.01;1297.40;2273.14;3199.74;1258.74;1340.86;26.27
2;72;0.58;7.68;0.01;0.11;64;69;66;64;23129;18681;18.66;18.44;11386;11743;9578;9103;9.65;9.01;9.12;9.33;0.15;0.13;0.14;0.15;1239.29;1012.98;1179.81;1302.98;1050.67;976.13;26.27
3;105;0.55;10.72;0.01;0.10;72;76;67;75;42822;26328;18.42;17.88;22080;20742;13273;13055;10.35;8.07;8.41;9.46;0.14;0.11;0.13;0.13;2324.68;1472.54;2133.62;2569.63;1577.35;1379.36;26.44
4;68;0.37;7.48;0.01;0.11;81;75;65;73;29119;18287;15.97;15.87;14456;14663;9398;8889;9.64;6.33;7.35;8.52;0.12;0.08;0.11;0.12;1823.43;1151.95;1499.08;2317.85;1278.24;1043.00;26.24
11;27;1.42;2.16;0.05;0.08;59;30;74;36;19703;11811;9.54;8.38;11399;8304;5281;6530;6.02;3.53;5.98;2.40;0.10;0.12;0.08;0.07;2064.23;1408.95;1893.96;2354.83;882.64;2721.17;26.38
0;99;0.00;9.04;0.00;0.09;83;55;80;65;32715;22188;17.99;16.65;16364;16351;11106;11082;10.54;7.45;8.85;7.80;0.13;0.14;0.11;0.12;1818.28;1332.24;1552.46;2194.29;1254.55;1420.40;26.28
1;110;0.10;10.00;0.00;0.09;76;58;53;89;32683;24355;17.98;18.40;16187;16496;12315;12040;10.04;7.94;7.58;10.82;0.13;0.14;0.14;0.12;1817.50;1323.40;1612.13;2077.15;1624.57;1112.45;26.27
0;101;0.00;10.30;0.00;0.10;91;59;76;74;21811;21558;18.49;18.38;11013;10798;10692;10866;10.86;7.64;9.07;9.31;0.12;0.13;0.12;0.13;1179.39;1173.03;1014.31;1414.14;1179.26;1166.97;26.32
9;84;0.90;8.60;0.01;0.10;85;63;68;71;17967;16202;16.97;16.80;8523;9444;8005;8197;9.88;7.09;7.78;9.02;0.12;0.11;0.11;0.13;1058.87;964.35;862.74;1332.18;1028.76;908.79;26.26
3;99;0.22;9.40;0.00;0.09;71;94;64;72;20189;21403;17.22;17.94;9809;10380;10563;10840;7.37;9.85;9.54;8.40;0.10;0.10;0.15;0.12;1172.15;1192.78;1330.24;1053.81;1107.18;1289.97;26.31
2;90;0.23;8.68;0.00;0.10;65;55;99;61;43817;26276;19.98;18.47;21777;22040;13040;13236;11.20;8.78;10.16;8.32;0.17;0.16;0.10;0.14;2193.34;1422.48;1944.03;2511.58;1284.00;1591.60;26.28
9;15;0.62;1.35;0.04;0.09;56;47;73;37;8428;4070;7.25;5.81;3456;4972;1766;2304;3.77;3.47;3.38;2.44;0.07;0.07;0.05;0.07;1162.65;700.11;915.61;1431.02;522.95;945.64;26.23
1;78;0.08;7.29;0.00;0.09;83;54;66;69;32908;25579;16.21;16.62;16397;16511;12839;12740;8.85;7.36;7.98;8.65;0.11;0.14;0.12;0.13;2030.05;1538.79;1852.65;2243.38;1609.59;1473.47;26.35
0;98;0.00;9.68;0.00;0.10;64;60;68;89;33623;22341;18.12;17.21;16658;16965;11643;10698;8.90;9.22;7.77;9.44;0.14;0.15;0.11;0.11;1855.56;1298.42;1872.42;1839.31;1498.36;1133.77;26.30
4;51;0.45;8.05;0.01;0.16;59;58;57;60;11223;12812;12.07;11.82;5944;5279;6515;6297;6.17;5.90;5.94;5.88;0.10;0.10;0.10;0.10;929.83;1084.02;962.60;895.49;1097.18;1070.73;26.28
1;67;0.09;6.65;0.00;0.10;78;57;49;114;13427;12757;15.35;14.16;6751;6676;6214;6543;9.16;6.19;6.39;7.77;0.12;0.11;0.13;0.07;874.77;900.66;737.11;1078.44;971.79;842.13;26.21
14;5;2.08;0.72;0.42;0.14;30;68;48;44;20545;17388;10.07;10.65;10146;10399;8737;8651;3.92;6.15;5.59;5.07;0.13;0.09;0.12;0.12;2041.06;1631.92;2591.05;1690.88;1564.20;1706.54;26.29
3;57;0.29;6.17;0.01;0.11;44;43;52;54;32919;21545;13.23;12.54;17348;15571;10470;11075;6.89;6.34;6.84;5.70;0.16;0.15;0.13;0.11;2488.10;1717.87;2517.65;2456.00;1530.73;1942.37;26.31
5;66;0.51;6.11;0.01;0.09;68;67;76;55;39666;22146;15.51;14.75;19023;20643;10758;11388;7.65;7.86;8.18;6.57;0.11;0.12;0.11;0.12;2558.06;1501.52;2487.57;2626.66;1314.68;1734.35;26.34
8;81;0.76;8.64;0.01;0.11;85;63;62;87;24405;16501;14.40;13.81;11713;12692;8211;8290;9.08;5.33;5.87;7.94;0.11;0.08;0.09;0.09;1694.22;1194.77;1290.13;2383.06;1398.83;1043.93;26.28
12;5;1.16;0.37;0.23;0.07;29;36;32;38;14961;7864;7.44;7.45;7018;7943;3772;4092;3.48;3.96;3.77;3.68;0.12;0.11;0.12;0.10;2009.67;1055.69;2014.58;2005.35;1000.89;1111.80;26.29
3;79;0.36;7.69;0.00;0.10;93;64;106;72;37705;18930;16.10;15.00;19070;18635;9394;9536;8.52;7.58;8.06;6.94;0.09;0.12;0.08;0.10;2341.50;1261.95;2238.56;2457.12;1164.83;1374.86;26.25
1;86;0.12;8.66;0.00;0.10;65;66;60;83;44333;15928;17.00;16.25;22222;22111;7889;8039;9.69;7.30;7.32;8.92;0.15;0.11;0.12;0.11;2608.11;980.43;2292.45;3027.01;1077.34;900.91;26.31
31;24;2.83;1.96;0.12;0.08;79;36;43;61;31555;21505;11.82;10.35;15523;16032;11088;10417;7.75;4.07;4.85;5.50;0.10;0.11;0.11;0.09;2670.00;2078.44;2002.14;3943.76;2288.22;1893.64;26.27
6;79;2.42;7.53;0.03;0.10;79;76;79;74;20282;17005;15.15;14.37;10878;9404;8759;8246;7.42;7.73;8.10;6.27;0.09;0.10;0.10;0.08;1338.73;1183.62;1465.11;1217.27;1081.63;1315.37;26.29
1;88;0.08;9.02;0.00;0.10;79;72;71;97;29168;17248;16.66;15.82;14882;14286;8095;9153;9.52;7.14;6.89;8.93;0.12;0.10;0.10;0.09;1750.81;1090.10;1564.01;1999.60;1174.15;1025.19;26.31
6;89;0.55;9.88;0.01;0.11;67;90;91;89;17262;9845;16.05;15.74;8172;9090;4976;4869;7.71;8.34;7.44;8.30;0.12;0.09;0.08;0.09;1075.56;625.42;1059.89;1090.05;668.79;586.54;26.41
16;29;9.14;3.66;0.32;0.13;64;33;56;36;23051;11307;9.27;8.32;11941;11110;6022;5285;4.52;4.76;4.74;3.58;0.07;0.14;0.08;0.10;2485.56;1358.23;2643.91;2335.23;1269.96;1475.05;26.26
16;56;1.49;5.33;0.03;0.10;67;57;65;52;24571;23298;13.09;13.82;11952;12619;11565;11733;6.84;6.25;7.90;5.93;0.10;0.11;0.12;0.11;1876.45;1685.64;1746.57;2018.63;1464.81;1979.85;26.28
0;86;0.00;8.43;0.00;0.10;81;62;57;65;34561;18012;15.75;13.95;16885;17676;8928;9084;9.19;6.56;6.77;7.18;0.11;0.11;0.12;0.11;2193.92;1291.49;1837.58;2692.71;1319.59;1265.01;26.25
8;51;0.90;5.18;0.02;0.10;79;66;77;65;24373;13851;14.20;13.03;11923;12450;7021;6830;7.81;6.39;7.13;5.90;0.10;0.10;0.09;0.09;1716.44;1063.02;1525.72;1949.84;984.18;1158.42;26.28
0;67;0.00;5.47;0.00;0.08;76;78;48;93;32025;24435;15.52;16.25;15754;16271;12178;12257;8.81;6.71;5.94;10.31;0.12;0.09;0.12;0.11;2063.91;1503.35;1788.57;2425.44;2048.62;1188.94;26.25
15;28;2.81;2.58;0.10;0.09;66;57;66;81;15907;11643;12.45;11.58;8318;7589;5584;6059;6.53;5.92;4.40;7.18;0.10;0.10;0.07;0.09;1277.70;1005.51;1272.99;1282.89;1269.83;843.67;26.30
1;74;1.19;7.10;0.02;0.10;49;48;57;49;26554;9959;8.01;7.82;13986;12568;5347;4612;4.31;3.70;4.35;3.47;0.09;0.08;0.08;0.07;3315.00;1273.04;3241.32;3401.04;1227.92;1329.68;26.33
0;67;0.00;6.61;0.00;0.10;66;66;64;85;52728;27866;17.33;17.39;26022;26706;13945;13921;9.98;7.35;8.71;8.68;0.15;0.11;0.14;0.10;3043.41;1602.19;2607.81;3635.06;1601.49;1602.88;26.26
5;51;0.97;4.61;0.02;0.09;58;65;66;73;40472;17272;14.47;13.59;20030;20442;8784;8488;7.44;7.04;5.92;7.66;0.13;0.11;0.09;0.10;2796.05;1271.24;2692.99;2904.99;1482.63;1107.79;26.27
7;41;0.68;3.39;0.02;0.08;47;46;55;41;22874;25222;12.18;12.21;10429;12445;12900;12322;5.64;6.55;6.38;5.83;0.12;0.14;0.12;0.14;1877.30;2066.01;1850.54;1900.33;2021.75;2114.47;26.36
