qt_l_click;qt_r_click;total_time_l_click;total_time_r_click;avg_time_l_click;avg_time_r_click;l_mov_count;r_mov_count;u_mov_count;d_mov_count;total_hor_dist;total_ver_dist;total_hor_time;total_ver_time;total_dist_l_mov;total_dist_r_mov;total_dist_u_mov;total_dist_d_mov;total_time_l_mov;total_time_r_mov;total_time_u_mov;total_time_d_mov;avg_time_l_mov;avg_time_r_mov;avg_time_u_mov;avg_time_d_mov;hor_speed;ver_speed;l_speed;r_speed;u_speed;d_speed;total_capture_time
20;100;2.05;11.69;0.02;0.12;100;87;95;96;34707;24829;22.50;22.33;17182;17525;12654;12175;11.06;11.44;10.78;11.55;0.11;0.13;0.11;0.12;1542.61;1111.73;1553.21;1532.35;1173.98;1053.66;37.39
20;151;1.72;18.69;0.01;0.12;99;103;109;110;27034;25561;27.05;26.54;13515;13519;12890;12671;13.84;13.21;12.36;14.18;0.14;0.13;0.11;0.13;999.48;962.99;976.52;1023.54;1042.61;893.57;37.34
19;133;1.70;17.30;0.01;0.13;104;111;112;113;20526;21108;23.46;23.39;10382;10144;10633;10475;12.95;10.50;10.07;13.31;0.12;0.09;0.09;0.12;875.05;902.53;801.40;965.90;1055.43;786.82;35.97
20;141;2.00;17.56;0.01;0.12;98;104;100;124;27119;22692;27.53;26.94;13475;13644;11332;11360;14.30;13.23;11.53;15.41;0.15;0.13;0.12;0.12;985.06;842.30;942.01;1031.61;982.60;737.29;37.41
19;59;2.01;7.58;0.03;0.13;98;76;101;83;29586;21282;20.79;19.78;14752;14834;10837;10445;11.12;9.67;11.87;7.91;0.11;0.13;0.12;0.10;1423.07;1076.12;1327.17;1533.25;913.22;1320.53;37.03
13;100;1.33;12.18;0.01;0.12;104;111;108;115;26939;18840;25.54;24.45;13112;13827;9305;9535;13.76;11.78;11.35;13.10;0.13;0.11;0.11;0.11;1054.93;770.53;953.11;1173.84;819.98;727.70;36.58
41;71;3.75;8.69;0.05;0.12;94;102;106;118;29605;15673;23.70;21.98;14980;14625;7775;7898;13.19;10.51;11.16;10.82;0.14;0.10;0.11;0.09;1249.12;712.93;1135.79;1391.32;696.45;729.93;36.44
39;68;3.37;8.08;0.05;0.12;87;102;97;114;35174;20270;23.32;22.12;17626;17548;10163;10107;12.24;11.08;9.66;12.46;0.14;0.11;0.10;0.11;1508.31;916.35;1439.57;1584.29;1051.63;811.39;33.09
6;43;0.67;4.78;0.02;0.11;93;68;89;90;16135;19069;17.11;16.14;7959;8176;9349;9720;9.68;7.43;8.52;7.62;0.10;0.11;0.10;0.08;943.19;1181.68;822.08;1101.09;1097.04;1276.39;36.96
36;82;3.09;9.55;0.04;0.12;95;81;96;95;25084;23891;21.10;20.67;12198;12886;11892;11999;10.30;10.81;10.74;9.93;0.11;0.13;0.11;0.10;1188.80;1155.73;1184.82;1192.59;1107.04;1208.40;33.06
21;63;2.18;7.22;0.03;0.11;102;111;104;99;30760;30338;23.06;22.37;14825;15935;14912;15426;12.64;10.42;11.74;10.63;0.12;0.09;0.11;0.11;1333.85;1355.98;1172.49;1529.72;1269.92;1451.03;37.21
9;150;0.97;17.83;0.01;0.12;97;103;105;111;48591;37256;29.82;29.42;23784;24807;18837;18419;16.67;13.15;13.62;15.80;0.17;0.13;0.13;0.14;1629.49;1266.17;1426.49;1886.95;1382.61;1165.76;41.40
25;124;2.66;14.91;0.02;0.12;103;105;107;110;41584;27829;29.57;29.44;20728;20856;13878;13951;16.82;12.75;15.81;13.63;0.16;0.12;0.15;0.12;1406.35;945.42;1232.62;1635.44;877.93;1023.72;43.00
26;130;2.47;17.03;0.02;0.13;124;108;110;114;32556;32736;28.59;28.06;16258;16298;16285;16451;16.34;12.26;14.38;13.68;0.13;0.11;0.13;0.12;1138.61;1166.52;995.14;1329.86;1132.43;1202.35;47.10
33;55;3.24;7.41;0.06;0.13;102;102;94;89;40769;34512;26.82;26.75;19539;21230;17364;17148;12.39;14.44;11.91;14.84;0.12;0.14;0.13;0.17;1519.90;1290.29;1577.27;1470.68;1457.70;1155.87;41.72
20;159;1.63;22.74;0.01;0.14;109;117;114;122;32339;32788;33.58;32.00;16185;16154;16337;16451;16.84;16.73;14.87;17.13;0.15;0.14;0.13;0.14;963.16;1024.57;961.00;965.34;1098.65;960.27;45.79
41;118;3.50;14.47;0.03;0.12;106;104;115;107;35437;30446;29.43;29.18;18154;17283;15060;15386;16.44;12.99;14.09;15.09;0.16;0.12;0.12;0.14;1204.00;1043.39;1104.20;1330.29;1068.80;1019.67;41.55
16;72;1.69;8.29;0.02;0.12;118;110;114;135;30973;32621;26.00;25.04;15427;15546;16269;16352;15.80;10.21;12.46;12.58;0.13;0.09;0.11;0.09;1191.15;1302.65;976.59;1523.26;1305.59;1299.74;42.00
48;112;4.46;15.43;0.04;0.14;110;103;117;125;29529;33603;31.38;30.94;14940;14589;16603;17000;17.60;13.78;15.75;15.19;0.16;0.13;0.13;0.12;941.05;1086.15;848.80;1058.89;1054.29;1119.18;45.55
21;23;2.64;2.55;0.11;0.11;77;108;95;92;32895;29470;20.72;20.37;16529;16366;15044;14426;9.00;11.72;11.86;8.51;0.12;0.11;0.12;0.09;1587.94;1446.73;1836.77;1396.82;1268.65;1694.82;37.88
12;115;1.13;16.23;0.01;0.14;97;110;101;119;44052;40833;27.08;26.51;21957;22095;20432;20401;14.02;13.06;12.27;14.24;0.14;0.12;0.12;0.12;1626.50;1540.32;1565.85;1691.61;1665.83;1432.25;40.03
34;139;3.16;18.29;0.02;0.13;123;97;109;114;41981;42926;35.21;35.89;21226;20755;21458;21468;21.14;14.07;17.01;18.88;0.17;0.15;0.16;0.17;1192.19;1196.08;1003.92;1475.12;1261.46;1137.16;49.75
19;4;2.26;0.35;0.56;0.09;54;85;71;66;24606;24140;18.02;17.48;12175;12431;12002;12138;7.15;10.87;10.23;7.25;0.13;0.13;0.14;0.11;1365.32;1381.13;1702.84;1143.36;1173.27;1674.46;38.37
36;136;3.42;17.24;0.03;0.13;105;110;109;127;44968;33602;33.13;33.48;22661;22307;16704;16898;18.62;14.50;16.46;17.02;0.18;0.13;0.15;0.13;1357.50;1003.62;1216.92;1538.00;1014.74;992.87;48.79
45;83;4.05;9.96;0.05;0.12;105;90;103;116;27007;36384;26.69;26.31;13603;13404;17851;18533;15.43;11.26;12.02;14.28;0.15;0.13;0.12;0.12;1011.88;1383.11;881.67;1190.29;1484.75;1297.56;39.25
44;76;3.61;9.88;0.05;0.13;88;85;96;98;20552;16176;20.53;19.79;10183;10369;7994;8182;11.17;9.36;9.33;10.46;0.13;0.11;0.10;0.11;1001.28;817.32;911.70;1108.22;856.62;782.26;37.37
18;134;1.39;16.56;0.01;0.12;110;100;82;120;29446;20440;23.39;23.25;14501;14945;10157;10283;12.65;10.73;10.04;13.21;0.12;0.11;0.12;0.11;1259.15;879.27;1146.02;1392.54;1012.04;778.40;35.16
24;173;1.98;23.60;0.01;0.14;117;102;108;88;36646;23966;33.13;32.36;18268;18378;12089;11877;18.53;14.60;17.71;14.65;0.16;0.14;0.16;0.17;1106.15;740.64;985.76;1258.98;682.55;810.88;46.55
23;124;2.28;14.65;0.02;0.12;88;91;87;103;25684;22170;25.04;25.06;12868;12816;11216;10954;14.98;10.06;11.22;13.83;0.17;0.11;0.13;0.13;1025.68;884.83;859.09;1273.65;999.40;791.88;35.85
15;138;1.24;17.40;0.01;0.13;95;92;102;121;29591;30210;29.79;29.09;14852;14739;15228;14982;15.98;13.80;12.66;16.43;0.17;0.15;0.12;0.14;993.37;1038.50;929.19;1067.69;1202.85;911.86;41.19
12;97;1.15;12.47;0.01;0.13;84;80;91;91;35497;25335;22.63;22.49;17925;17572;12751;12584;11.69;10.94;11.70;10.79;0.14;0.14;0.13;0.12;1568.38;1126.40;1533.33;1605.81;1089.42;1166.52;35.86
15;130;1.24;16.50;0.01;0.13;105;96;99;104;22938;22259;23.88;23.10;11351;11587;11192;11067;13.61;10.27;11.62;11.48;0.13;0.11;0.12;0.11;960.51;963.59;833.99;1128.17;962.77;964.42;36.09
36;85;3.47;10.64;0.04;0.13;83;106;99;93;33118;24113;26.89;27.25;16517;16601;12131;11982;13.46;13.44;15.12;12.13;0.16;0.13;0.15;0.13;1231.42;884.81;1227.41;1235.44;802.40;987.50;39.45
18;78;2.17;8.96;0.03;0.11;93;89;98;104;44894;30281;30.08;28.57;22675;22219;15082;15199;15.40;14.68;14.62;13.95;0.17;0.16;0.15;0.13;1492.58;1059.97;1472.60;1513.54;1031.42;1089.90;48.23
17;118;1.48;15.48;0.01;0.13;110;91;99;112;40883;30238;28.29;27.72;20754;20129;14755;15483;14.84;13.45;12.74;14.98;0.13;0.15;0.13;0.13;1445.17;1090.92;1398.23;1496.98;1157.95;1033.88;39.32
25;114;2.10;14.21;0.02;0.12;98;87;98;102;32431;23548;26.60;26.75;16269;16162;11636;11912;15.16;11.45;12.42;14.32;0.15;0.13;0.13;0.14;1219.11;880.36;1073.36;1412.12;936.51;831.64;37.05
30;87;2.53;11.28;0.03;0.13;92;85;78;102;33928;24706;23.41;22.63;17296;16632;12249;12457;13.28;10.13;10.98;11.64;0.14;0.12;0.14;0.11;1449.41;1091.93;1302.56;1641.91;1115.44;1069.76;36.24
26;103;2.28;13.56;0.02;0.13;101;106;107;96;28748;25509;24.50;24.73;13950;14798;12682;12827;12.05;12.45;13.64;11.09;0.12;0.12;0.13;0.12;1173.28;1031.55;1157.25;1188.80;930.11;1156.24;35.86
13;133;1.30;18.59;0.01;0.14;93;104;111;110;37380;29181;25.14;24.03;18904;18476;14691;14490;11.80;13.35;12.07;11.96;0.13;0.13;0.11;0.11;1486.62;1214.38;1602.31;1384.35;1217.21;1211.52;38.07
25;103;2.46;13.53;0.02;0.13;113;90;109;117;30231;21842;25.39;24.80;15571;14660;10629;11213;14.60;10.79;11.83;12.96;0.13;0.12;0.11;0.11;1190.49;880.89;1066.15;1358.82;898.35;864.95;35.85
25;94;2.57;11.80;0.03;0.13;97;100;95;102;37859;27875;23.08;22.62;18696;19163;13875;14000;11.55;11.53;11.04;11.58;0.12;0.12;0.12;0.11;1640.56;1232.46;1618.53;1662.63;1257.22;1208.85;36.69
15;129;1.49;17.63;0.01;0.14;102;105;106;110;23830;25236;28.72;28.00;11690;12140;12723;12513;14.62;14.10;13.01;14.99;0.14;0.13;0.12;0.14;829.76;901.40;799.67;860.97;978.06;834.86;43.07
23;42;2.81;4.79;0.07;0.11;83;94;91;98;33465;26968;18.05;18.77;16355;17110;13460;13508;9.03;9.02;8.76;10.01;0.11;0.10;0.10;0.10;1853.66;1437.10;1810.69;1896.69;1536.72;1349.91;35.06
27;124;2.25;15.23;0.02;0.12;113;98;96;99;32926;28722;27.71;27.02;16570;16356;14245;14477;14.19;13.53;13.77;13.26;0.13;0.14;0.14;0.13;1188.14;1062.85;1167.98;1209.29;1034.73;1092.05;38.28
7;5;0.70;0.54;0.14;0.11;85;61;73;78;26799;27759;15.49;15.01;13588;13211;14061;13698;8.08;7.40;7.82;7.18;0.10;0.12;0.11;0.09;1730.33;1849.88;1680.87;1784.32;1797.75;1906.64;34.40
29;108;2.78;14.23;0.03;0.13;92;100;108;99;29323;28869;24.27;23.49;14721;14602;14638;14231;12.77;11.50;11.78;11.71;0.14;0.12;0.11;0.12;1207.97;1228.93;1152.75;1269.27;1242.95;1214.84;37.46
28;96;2.51;13.51;0.03;0.14;95;83;97;104;31572;26177;25.41;25.03;15548;16024;13212;12965;13.46;11.95;12.28;12.75;0.14;0.14;0.13;0.12;1242.71;1045.94;1155.26;1341.22;1076.00;1016.99;39.21
14;126;1.38;17.02;0.01;0.14;97;110;87;112;26590;30619;24.73;24.66;12983;13607;15528;15091;13.39;11.34;11.31;13.35;0.14;0.10;0.13;0.12;1075.40;1241.77;969.72;1200.21;1373.16;1130.48;35.58
33;80;2.61;10.99;0.03;0.14;95;104;108;107;33248;23625;22.10;21.29;17101;16147;12348;11277;10.76;11.34;11.06;10.23;0.11;0.11;0.10;0.10;1504.41;1109.87;1589.00;1424.12;1116.79;1102.38;35.36
22;69;2.26;9.35;0.03;0.14;97;67;88;88;48021;21333;23.86;23.07;22457;25564;10528;10805;12.67;11.19;10.36;12.71;0.13;0.17;0.12;0.14;2012.95;924.61;1772.39;2285.46;1016.01;850.10;42.22
38;75;3.40;10.37;0.05;0.14;98;94;101;97;40804;35611;26.01;23.75;19888;20916;17471;18140;14.63;11.37;10.32;13.42;0.15;0.12;0.10;0.14;1568.83;1499.66;1358.97;1838.83;1692.16;1351.57;36.43
54;115;4.45;14.10;0.04;0.12;96;104;87;102;27857;26691;28.13;26.85;13879;13978;13558;13133;14.10;14.04;12.15;14.70;0.15;0.13;0.14;0.14;990.19;994.08;984.61;995.79;1115.63;893.57;36.79
24;27;2.23;3.05;0.08;0.11;90;85;85;82;33442;29956;21.81;21.99;17201;16241;15332;14624;10.73;11.08;11.63;10.36;0.12;0.13;0.14;0.13;1533.51;1362.35;1603.57;1465.69;1318.13;1412.00;35.53
35;123;3.24;20.35;0.03;0.17;111;96;102;115;49092;39176;34.33;33.27;25212;23880;19610;19566;19.48;14.85;15.40;17.87;0.18;0.15;0.15;0.16;1430.00;1177.40;1294.35;1607.93;1273.25;1094.80;49.24
32;101;3.14;12.81;0.03;0.13;97;77;90;92;35737;26869;26.75;26.19;17637;18100;13105;13764;12.52;14.24;12.91;13.28;0.13;0.18;0.14;0.14;1335.72;1025.88;1408.96;1271.33;1014.96;1036.50;36.19
20;125;1.99;16.17;0.02;0.13;79;98;110;93;29642;23732;23.44;22.41;14755;14887;11976;11756;11.08;12.36;11.19;11.22;0.14;0.13;0.10;0.12;1264.57;1058.93;1331.48;1204.57;1070.32;1047.58;34.62
55;73;4.71;8.96;0.06;0.12;100;95;115;108;27349;18824;24.19;23.69;13494;13855;9463;9361;12.42;11.77;12.55;11.14;0.12;0.12;0.11;0.10;1130.58;794.57;1086.19;1177.45;754.17;840.06;37.11
28;80;2.77;9.50;0.03;0.12;97;82;100;89;43131;30502;22.88;23.04;21526;21605;15574;14928;13.85;9.03;12.91;10.13;0.14;0.11;0.13;0.11;1885.26;1323.96;1554.78;2391.78;1206.65;1473.41;35.13
18;128;1.71;16.59;0.01;0.13;99;108;117;100;41971;32083;24.39;23.28;20940;21031;16042;16041;12.08;12.31;12.40;10.88;0.12;0.11;0.11;0.11;1720.75;1377.89;1732.83;1708.89;1293.62;1473.91;36.16
17;138;1.71;18.68;0.01;0.14;84;118;124;112;33505;20474;24.13;23.14;17338;16167;10341;10133;12.23;11.90;11.73;11.41;0.15;0.10;0.09;0.10;1388.48;884.84;1417.73;1358.41;881.86;887.89;35.41
26;119;2.37;15.26;0.02;0.13;86;74;96;94;30536;28476;26.66;25.77;14995;15541;14098;14378;14.97;11.69;13.20;12.58;0.17;0.16;0.14;0.13;1145.44;1104.94;1001.43;1329.97;1068.33;1143.35;36.11
19;78;1.93;10.49;0.02;0.13;73;86;69;104;34129;24115;21.77;20.31;17611;16518;12350;11765;9.84;11.92;10.39;9.92;0.13;0.14;0.15;0.10;1567.92;1187.41;1789.12;1385.31;1188.36;1186.41;35.28
22;38;2.09;4.33;0.05;0.11;85;70;81;87;47796;26376;24.44;23.60;23403;24393;13359;13017;14.43;10.01;11.76;11.84;0.17;0.14;0.15;0.14;1955.55;1117.81;1621.61;2437.06;1136.37;1099.39;34.94
26;117;2.58;15.24;0.02;0.13;105;85;87;110;26739;21108;26.82;26.23;13244;13495;10687;10421;15.33;11.49;11.55;14.67;0.15;0.14;0.13;0.13;996.80;804.79;863.89;1174.06;924.98;710.16;36.24
10;14;1.31;1.51;0.09;0.11;46;43;53;44;22689;12920;11.85;10.98;11212;11477;6648;6272;4.79;7.06;5.81;5.17;0.10;0.16;0.11;0.12;1914.39;1176.88;2340.21;1625.46;1144.10;1213.74;36.02
37;110;2.98;13.99;0.03;0.13;98;112;90;107;26582;21281;27.94;27.57;13151;13431;10590;10691;14.62;13.32;11.50;16.07;0.15;0.12;0.13;0.15;951.43;771.98;899.49;1008.46;920.86;665.41;35.98
18;45;2.69;5.45;0.06;0.12;90;88;88;88;41163;30652;25.19;23.42;20447;20716;15498;15154;12.86;12.33;12.79;10.63;0.14;0.14;0.15;0.12;1634.10;1308.84;1590.08;1680.00;1212.20;1425.03;42.18
32;114;2.84;13.68;0.02;0.12;81;94;97;95;28451;21384;27.52;26.48;13859;14592;10711;10673;12.63;14.89;13.70;12.79;0.16;0.16;0.14;0.13;1033.95;807.52;1097.67;979.92;782.08;834.76;35.32
27;66;2.54;8.97;0.04;0.14;94;112;85;111;23979;23160;22.99;22.63;12371;11608;11915;11245;11.75;11.24;10.91;11.72;0.13;0.10;0.13;0.11;1043.18;1023.43;1052.83;1033.10;1091.75;959.78;35.29
26;49;2.68;6.12;0.05;0.12;87;77;67;94;19606;18286;16.58;16.88;9627;9979;9100;9186;9.61;6.97;7.15;9.73;0.11;0.09;0.11;0.10;1182.47;1083.33;1001.39;1432.35;1272.20;944.42;34.20
25;90;2.70;11.72;0.03;0.13;96;99;104;109;29192;24717;31.29;29.70;14619;14573;12114;12603;16.32;14.96;14.42;15.28;0.17;0.15;0.14;0.14;932.99;832.17;895.51;973.88;839.94;824.84;45.02
22;111;2.11;13.34;0.02;0.12;99;97;78;89;31085;32856;24.95;23.97;15585;15500;16758;16098;13.28;11.68;11.09;12.88;0.13;0.12;0.14;0.14;1245.75;1370.70;1173.84;1327.52;1510.51;1250.24;37.16
24;64;2.36;7.68;0.04;0.12;88;84;86;96;26041;22109;23.20;23.08;13610;12431;10848;11261;12.04;11.17;11.96;11.12;0.14;0.13;0.14;0.12;1122.39;957.95;1130.83;1113.28;906.96;1012.79;35.72
29;68;2.94;10.60;0.04;0.16;107;90;97;95;35527;21460;21.85;20.58;17752;17775;10644;10816;12.73;9.12;10.82;9.75;0.12;0.10;0.11;0.10;1626.08;1042.91;1394.96;1948.49;983.32;1109.05;36.11
50;92;4.41;11.69;0.05;0.13;90;114;99;111;19360;23578;27.76;28.23;9519;9841;11557;12021;14.61;13.15;13.08;15.15;0.16;0.12;0.13;0.14;697.30;835.28;651.33;748.39;883.79;793.41;37.41
23;16;2.14;2.00;0.13;0.12;63;64;77;65;29662;24120;18.15;17.90;15155;14507;11757;12363;9.64;8.51;8.50;9.41;0.15;0.13;0.11;0.14;1633.83;1347.12;1571.86;1704.02;1383.58;1314.19;38.20
17;109;1.55;14.74;0.01;0.14;95;94;92;103;30116;29432;23.41;21.43;14594;15522;14615;14817;11.39;12.02;9.88;11.55;0.12;0.13;0.11;0.11;1286.38;1373.16;1281.16;1291.32;1479.17;1282.49;36.16
49;86;4.29;10.46;0.05;0.12;85;97;96;101;32971;23431;26.22;26.77;16193;16778;11828;11603;12.13;14.09;12.72;14.05;0.14;0.15;0.13;0.14;1257.27;875.30;1334.48;1190.78;930.07;825.72;37.16
17;16;1.55;1.30;0.10;0.08;78;76;85;84;35419;21600;17.73;17.28;17599;17820;10841;10759;10.21;7.52;10.04;7.24;0.13;0.10;0.12;0.09;1997.35;1250.30;1723.08;2369.89;1079.93;1486.60;35.02
23;102;1.93;14.29;0.02;0.14;94;106;105;100;34275;23054;24.18;23.37;17318;16957;11444;11610;13.44;10.75;10.30;13.07;0.14;0.10;0.10;0.13;1417.31;986.43;1288.87;1577.89;1111.38;888.02;36.88
29;120;2.39;15.13;0.02;0.13;89;106;110;98;36517;27339;27.69;27.40;18515;18002;13478;13861;13.86;13.83;13.35;14.05;0.16;0.13;0.12;0.14;1318.59;997.75;1335.47;1301.66;1009.29;986.79;37.86
34;93;3.24;12.46;0.03;0.13;96;100;101;105;28839;25341;29.46;28.76;14378;14461;12411;12930;14.45;15.01;13.92;14.84;0.15;0.15;0.14;0.14;978.83;881.07;994.85;963.41;891.63;871.17;41.04
9;0;0.82;0.00;0.82;0.00;35;15;26;31;2084;3196;6.01;6.03;1250;834;1389;1807;3.40;2.62;2.37;3.66;0.10;0.17;0.09;0.12;346.49;529.95;368.04;318.53;587.13;493.05;42.60
