qt_l_click;qt_r_click;total_time_l_click;total_time_r_click;avg_time_l_click;avg_time_r_click;l_mov_count;r_mov_count;u_mov_count;d_mov_count;total_hor_dist;total_ver_dist;total_hor_time;total_ver_time;total_dist_l_mov;total_dist_r_mov;total_dist_u_mov;total_dist_d_mov;total_time_l_mov;total_time_r_mov;total_time_u_mov;total_time_d_mov;avg_time_l_mov;avg_time_r_mov;avg_time_u_mov;avg_time_d_mov;hor_speed;ver_speed;l_speed;r_speed;u_speed;d_speed;total_capture_time
1;115;0.12;13.75;0.00;0.12;74;73;57;82;15223;15173;17.42;17.76;7684;7539;7545;7628;8.90;8.52;8.02;9.73;0.12;0.12;0.14;0.12;873.95;854.46;863.05;885.34;940.32;783.68;27.87
18;77;2.55;9.71;0.03;0.13;73;66;70;74;13237;13033;15.65;16.10;6705;6532;6618;6415;7.84;7.80;8.73;7.37;0.11;0.12;0.12;0.10;846.00;809.62;854.82;837.13;757.89;870.94;27.90
8;19;0.78;1.98;0.04;0.10;41;24;43;52;11773;4181;8.31;6.95;5323;6450;1886;2295;5.27;3.03;3.26;3.69;0.13;0.13;0.08;0.07;1417.20;601.92;1009.60;2125.34;578.76;622.40;28.00
13;80;1.78;9.25;0.02;0.12;63;91;69;88;19024;13410;18.26;18.00;9692;9332;6778;6632;7.92;10.33;8.08;9.93;0.13;0.11;0.12;0.11;1041.99;744.89;1223.06;903.12;839.32;668.08;28.06
8;104;1.00;13.01;0.01;0.13;88;57;52;82;7705;10713;12.07;12.55;3928;3777;5654;5059;6.80;5.27;5.63;6.93;0.08;0.09;0.11;0.08;638.48;853.34;577.94;716.54;1004.68;730.38;27.91
1;65;0.11;7.49;0.00;0.12;50;61;38;69;4598;6280;9.50;10.65;1946;2652;3355;2925;4.23;5.27;3.65;6.99;0.08;0.09;0.10;0.10;483.88;589.78;460.23;502.84;918.06;418.24;27.96
14;80;1.82;9.76;0.02;0.12;72;66;66;73;12470;9098;15.53;16.26;6276;6194;4348;4750;7.74;7.79;7.65;8.61;0.11;0.12;0.12;0.12;802.91;559.57;811.11;794.77;568.29;551.82;28.07
3;8;0.79;0.88;0.10;0.11;37;15;15;49;3430;3136;3.47;3.98;1507;1923;1696;1440;2.07;1.41;1.49;2.49;0.06;0.09;0.10;0.05;987.54;787.19;728.66;1368.59;1137.96;577.52;27.85
12;85;1.36;10.21;0.02;0.12;85;72;73;73;13841;14384;16.43;16.77;7211;6630;7318;7066;9.45;6.98;8.34;8.43;0.11;0.10;0.11;0.12;842.45;857.90;763.38;949.41;877.64;838.37;27.91
16;83;1.75;9.71;0.02;0.12;71;83;62;99;12858;13430;14.29;14.77;6726;6132;6737;6693;7.09;7.20;6.02;8.75;0.10;0.09;0.10;0.09;899.94;909.03;948.88;851.76;1119.15;764.55;27.93
9;33;1.16;4.11;0.04;0.12;33;30;32;37;11919;4406;8.53;8.25;6149;5770;2558;1848;4.01;4.52;3.42;4.83;0.12;0.15;0.11;0.13;1397.50;533.94;1535.23;1275.55;747.06;382.79;28.04
15;104;2.04;12.87;0.02;0.12;77;93;74;73;13222;13102;15.32;15.91;6751;6471;6501;6601;8.01;7.31;7.46;8.45;0.10;0.08;0.10;0.12;863.13;823.53;842.89;885.32;871.10;781.51;27.90
9;33;1.05;3.91;0.03;0.12;50;39;28;52;5549;2885;6.17;5.96;2794;2755;1274;1611;2.52;3.65;2.02;3.94;0.05;0.09;0.07;0.08;899.70;484.00;1108.77;755.27;630.70;408.80;27.76
18;55;2.96;6.53;0.05;0.12;48;63;61;64;12251;8894;13.07;12.36;6564;5687;4536;4358;6.43;6.64;6.46;5.89;0.13;0.11;0.11;0.09;937.25;719.85;1020.68;856.45;702.07;739.34;28.16
87;40;10.32;4.43;0.26;0.11;53;40;40;47;7723;10806;8.76;9.14;4080;3643;5338;5468;5.44;3.32;3.75;5.38;0.10;0.08;0.09;0.11;881.83;1182.87;750.54;1096.68;1422.78;1015.67;27.88
9;69;0.99;8.53;0.01;0.12;46;67;57;81;9544;7949;11.17;11.23;4414;5130;3611;4338;5.15;6.02;4.56;6.67;0.11;0.09;0.08;0.08;854.18;707.89;857.36;851.46;792.59;650.06;28.12
23;87;2.91;10.99;0.03;0.13;55;73;60;73;20081;11505;15.73;15.33;10013;10068;5872;5633;7.28;8.46;7.40;7.93;0.13;0.12;0.12;0.11;1276.32;750.43;1375.88;1190.63;793.31;710.41;27.93
14;106;1.71;12.66;0.02;0.12;80;84;68;104;16161;9973;16.95;17.05;7899;8262;4761;5212;7.71;9.24;7.41;9.64;0.10;0.11;0.11;0.09;953.33;584.89;1024.04;894.29;642.78;540.43;27.95
3;6;0.39;0.66;0.06;0.11;78;20;17;59;3350;4224;5.56;5.83;1694;1656;2006;2218;3.65;1.90;1.88;3.95;0.05;0.10;0.11;0.07;602.95;724.97;463.74;870.16;1068.75;561.59;27.89
26;77;3.39;9.99;0.04;0.13;71;78;74;91;24449;14440;17.96;16.74;12324;12125;6925;7515;9.08;8.89;8.38;8.36;0.13;0.11;0.11;0.09;1361.05;862.39;1357.86;1364.31;825.98;898.90;28.00
2;72;0.24;9.14;0.00;0.13;54;38;39;80;7300;4194;9.31;8.04;3531;3769;2534;1660;5.70;3.61;3.31;4.72;0.11;0.09;0.08;0.06;784.02;521.70;619.13;1044.70;764.57;351.33;27.84
20;91;2.27;11.90;0.02;0.13;88;74;65;79;13056;13123;14.75;14.44;6719;6337;6563;6560;7.32;7.43;7.21;7.23;0.08;0.10;0.11;0.09;884.92;908.73;917.35;852.95;910.30;907.16;28.05
9;65;1.34;7.58;0.02;0.12;59;55;46;68;8012;6468;9.36;8.09;3450;4562;3303;3165;5.10;4.26;3.57;4.52;0.09;0.08;0.08;0.07;856.05;799.87;676.73;1070.58;925.94;700.35;27.90
9;106;1.19;11.99;0.01;0.11;71;66;73;66;14603;10177;13.53;11.94;7260;7343;5076;5101;7.57;5.96;6.33;5.61;0.11;0.09;0.09;0.09;1079.20;852.11;958.54;1232.60;801.84;908.81;27.94
9;94;1.29;12.93;0.01;0.14;69;81;62;88;10842;9247;12.87;14.33;5665;5177;4619;4628;6.49;6.38;6.31;8.02;0.09;0.08;0.10;0.09;842.66;645.17;872.87;811.92;732.21;576.74;27.90
33;83;3.89;10.75;0.05;0.13;47;60;37;78;4489;4399;9.79;9.56;1750;2739;2190;2209;4.57;5.23;3.46;6.10;0.10;0.09;0.09;0.08;458.40;459.93;383.23;524.08;632.93;361.87;27.86
6;3;0.46;0.24;0.15;0.08;41;16;24;41;5064;3908;6.21;5.65;2254;2810;2153;1755;3.64;2.57;3.31;2.35;0.09;0.16;0.14;0.06;815.21;691.14;618.47;1094.50;651.19;747.41;27.77
16;49;1.79;6.00;0.04;0.12;49;42;45;51;8379;8329;9.93;10.30;4421;3958;4441;3888;5.56;4.37;4.44;5.86;0.11;0.10;0.10;0.11;843.78;808.46;795.60;904.99;999.94;663.37;27.88
18;66;5.95;8.51;0.09;0.13;36;69;55;69;10502;9009;11.51;11.40;5247;5255;4611;4398;4.85;6.66;5.16;6.24;0.13;0.10;0.09;0.09;912.09;790.42;1081.19;788.89;893.44;705.16;27.87
4;26;0.51;3.26;0.02;0.13;23;15;17;16;7089;6787;4.78;4.65;3599;3490;3383;3404;2.54;2.24;2.54;2.11;0.11;0.15;0.15;0.13;1483.71;1460.64;1417.36;1558.98;1333.76;1613.17;27.77
7;30;1.86;3.66;0.06;0.12;49;33;37;36;8214;4733;7.34;8.03;4218;3996;2646;2087;4.17;3.17;3.80;4.24;0.09;0.10;0.10;0.12;1118.88;589.05;1010.73;1261.34;696.79;492.51;27.82
17;85;2.13;10.49;0.03;0.12;71;58;66;70;13855;10126;12.82;12.86;7120;6735;5189;4937;6.78;6.04;6.45;6.41;0.10;0.10;0.10;0.09;1080.61;787.26;1049.80;1115.22;804.49;769.94;27.83
3;56;0.63;6.56;0.01;0.12;50;55;42;58;10615;10486;12.16;12.00;5300;5315;5380;5106;6.81;5.34;4.21;7.79;0.14;0.10;0.10;0.13;873.26;874.04;777.99;994.71;1278.69;655.48;27.80
15;57;1.62;7.59;0.03;0.13;56;49;42;61;7182;8099;8.72;8.55;3271;3911;4231;3868;4.26;4.46;3.78;4.77;0.08;0.09;0.09;0.08;823.38;947.44;767.43;876.85;1119.36;811.16;27.74
2;52;1.26;5.41;0.02;0.10;43;30;27;42;3564;2572;3.99;3.96;1765;1799;1271;1301;1.91;2.08;2.10;1.86;0.04;0.07;0.08;0.04;892.55;649.32;923.44;864.19;605.54;698.67;26.49
23;90;2.50;10.38;0.03;0.12;68;69;45;77;12484;10065;12.21;13.15;6323;6161;5081;4984;5.67;6.54;6.02;7.14;0.08;0.09;0.13;0.09;1022.36;765.25;1114.69;942.26;844.39;698.50;26.30
10;99;1.09;12.57;0.01;0.13;88;63;66;98;11599;12198;14.55;14.14;5778;5821;6084;6114;7.67;6.87;6.14;8.00;0.09;0.11;0.09;0.08;797.43;862.76;753.20;846.78;990.89;764.40;26.37
7;74;0.82;8.96;0.01;0.12;50;63;64;68;13881;8818;13.35;13.13;7336;6545;4390;4428;7.51;5.84;6.43;6.70;0.15;0.09;0.10;0.10;1040.14;671.47;976.96;1121.43;682.80;660.61;26.42
17;86;2.32;10.68;0.03;0.12;66;77;72;78;17205;15649;16.00;15.34;8318;8887;7603;8046;7.04;8.96;7.04;8.30;0.11;0.12;0.10;0.11;1075.06;1019.81;1180.88;991.86;1079.96;968.83;26.43
27;48;2.84;6.07;0.06;0.13;79;61;42;88;9281;7832;10.96;11.01;4325;4956;3965;3867;6.43;4.53;2.91;8.10;0.08;0.07;0.07;0.09;846.51;711.33;672.35;1093.73;1360.55;477.64;26.29
13;93;1.56;12.74;0.02;0.14;73;72;57;97;10719;6164;11.58;10.41;5548;5171;3027;3137;6.42;5.16;4.12;6.29;0.09;0.07;0.07;0.06;925.86;592.40;864.25;1002.55;735.53;498.75;26.35
13;27;2.51;3.08;0.09;0.11;66;62;50;60;11160;9793;10.85;10.63;5977;5183;4958;4835;5.65;5.20;5.08;5.55;0.09;0.08;0.10;0.09;1028.76;921.67;1058.69;996.28;976.53;871.47;26.41
3;6;1.32;0.52;0.22;0.09;7;16;23;4;1611;2046;2.32;2.15;1065;546;768;1278;1.02;1.30;1.30;0.84;0.15;0.08;0.06;0.21;695.13;952.64;1045.68;420.29;588.64;1516.00;26.38
3;38;0.29;4.92;0.01;0.13;50;23;46;64;7511;2252;7.76;6.59;3728;3783;1379;873;5.09;2.67;3.40;3.19;0.10;0.12;0.07;0.05;968.27;341.51;732.57;1417.80;405.44;273.41;26.05
3;102;0.39;12.53;0.00;0.12;66;58;52;105;18864;11693;16.54;15.30;9329;9535;5849;5844;9.00;7.54;5.58;9.72;0.14;0.13;0.11;0.09;1140.61;764.06;1036.63;1264.74;1047.59;601.21;26.01
3;74;0.30;9.35;0.00;0.13;65;60;53;63;5814;7272;9.50;9.92;2804;3010;3318;3954;5.19;4.32;4.36;5.56;0.08;0.07;0.08;0.09;611.97;732.96;540.75;697.54;761.25;710.80;26.04
8;89;1.08;9.92;0.01;0.11;89;49;62;66;10886;12056;14.70;14.66;5475;5411;6287;5769;9.19;5.51;7.11;7.55;0.10;0.11;0.11;0.11;740.33;822.52;595.47;982.06;884.68;764.02;26.06
7;93;0.95;11.31;0.01;0.12;67;50;55;73;10743;13284;15.61;15.40;5651;5092;6570;6714;9.47;6.14;6.20;9.20;0.14;0.12;0.11;0.13;688.37;862.67;596.99;829.25;1059.73;729.86;26.02
6;104;0.76;13.73;0.01;0.13;69;73;54;78;11748;15128;16.35;16.49;5971;5777;7509;7619;9.50;6.85;6.38;10.11;0.14;0.09;0.12;0.13;718.43;917.45;628.41;843.27;1176.35;753.92;26.02
8;94;1.08;11.94;0.01;0.13;77;61;46;84;10098;16981;15.67;16.39;4729;5369;8280;8701;8.93;6.75;5.69;10.70;0.12;0.11;0.12;0.13;644.34;1035.89;529.86;795.80;1453.93;813.34;26.05
8;88;1.09;11.36;0.01;0.13;87;83;59;95;12032;12247;14.98;14.31;5782;6250;5984;6263;8.27;6.71;5.75;8.56;0.10;0.08;0.10;0.09;803.30;855.68;699.29;931.46;1040.69;731.45;26.05
7;63;1.00;7.40;0.02;0.12;82;56;58;72;9572;9188;12.16;12.02;4807;4765;4595;4593;6.71;5.45;6.22;5.79;0.08;0.10;0.11;0.08;787.16;764.52;716.47;874.16;738.22;792.77;26.01
0;8;0.00;0.86;0.00;0.11;7;7;6;11;1289;1137;0.88;1.04;222;1067;423;714;0.50;0.39;0.35;0.69;0.07;0.06;0.06;0.06;1460.83;1098.03;447.05;2765.79;1219.08;1037.02;26.03
9;70;0.97;8.37;0.01;0.12;66;60;77;78;15042;11320;14.08;13.08;7832;7210;5883;5437;7.95;6.14;6.18;6.90;0.12;0.10;0.08;0.09;1067.99;865.30;985.54;1174.75;951.71;787.90;26.05
8;70;0.93;8.39;0.01;0.12;60;48;48;61;5898;8768;10.08;10.00;2595;3303;4468;4300;5.61;4.47;4.66;5.35;0.09;0.09;0.10;0.09;585.19;876.38;462.34;739.58;959.81;803.78;26.03
2;94;0.20;10.99;0.00;0.12;62;42;55;65;13483;7958;13.13;12.38;6704;6779;4315;3643;6.96;6.17;6.08;6.30;0.11;0.15;0.11;0.10;1026.88;642.68;962.59;1099.50;709.65;578.06;26.01
7;53;0.82;6.63;0.02;0.13;34;52;35;50;7532;7018;9.35;9.29;3758;3774;3589;3429;4.17;5.18;4.23;5.06;0.12;0.10;0.12;0.10;805.24;755.49;900.64;728.41;848.50;677.73;26.08
9;82;1.18;10.95;0.01;0.13;74;51;45;82;8157;11675;10.13;9.84;3839;4318;6014;5661;6.22;3.91;3.70;6.14;0.08;0.08;0.08;0.07;805.55;1186.24;617.61;1104.32;1625.42;921.68;26.07
2;56;2.01;6.11;0.04;0.11;79;35;41;57;9285;4371;7.80;7.09;4846;4439;2118;2253;4.70;3.10;3.24;3.85;0.06;0.09;0.08;0.07;1189.77;616.31;1030.00;1432.30;653.15;585.28;26.05
23;93;2.27;10.64;0.02;0.11;89;81;82;81;17593;11588;16.00;15.46;8810;8783;5800;5788;8.40;7.60;6.99;8.47;0.09;0.09;0.09;0.10;1099.59;749.54;1048.82;1155.70;829.74;683.34;26.05
6;34;0.48;4.61;0.01;0.14;75;21;31;59;6091;3777;6.75;5.92;3042;3049;1948;1829;4.36;2.39;2.75;3.17;0.06;0.11;0.09;0.05;901.91;637.96;697.39;1274.94;707.62;577.43;26.06
25;53;3.14;6.41;0.06;0.12;79;58;44;80;5544;10242;10.43;11.37;2872;2672;5088;5154;5.90;4.53;4.97;6.41;0.07;0.08;0.11;0.08;531.74;900.41;486.89;590.17;1024.42;804.29;26.08
1;52;0.13;5.69;0.00;0.11;52;33;35;45;6995;7521;7.14;6.05;3111;3884;3670;3851;4.35;2.80;2.67;3.39;0.08;0.08;0.08;0.08;979.26;1242.48;715.49;1389.60;1376.36;1137.08;26.00
0;103;0.00;12.74;0.00;0.12;59;64;46;92;12114;14108;12.92;12.51;5740;6374;7197;6911;7.26;5.67;4.57;7.94;0.12;0.09;0.10;0.09;937.37;1127.59;790.84;1125.09;1575.77;869.92;26.04
10;73;0.88;8.43;0.01;0.12;57;53;58;50;7848;7518;10.30;10.28;4296;3552;3849;3669;5.61;4.69;5.88;4.40;0.10;0.09;0.10;0.09;761.72;731.28;765.64;757.04;654.90;833.22;26.06
2;23;1.20;2.42;0.05;0.11;17;18;22;33;7239;2108;4.65;4.14;3842;3397;694;1414;2.72;1.94;1.99;2.16;0.16;0.11;0.09;0.07;1555.33;508.64;1413.33;1754.72;349.51;655.01;26.04
0;110;0.00;13.41;0.00;0.12;80;61;58;92;19964;11980;15.21;13.65;10035;9929;6037;5943;9.04;6.17;6.40;7.25;0.11;0.10;0.11;0.08;1312.38;877.66;1109.64;1609.59;942.91;820.03;26.10
1;108;0.14;14.15;0.00;0.13;73;64;71;85;13185;11046;15.89;14.88;6436;6749;5390;5656;9.50;6.38;6.95;7.93;0.13;0.10;0.10;0.09;829.99;742.31;677.35;1057.18;775.48;713.24;26.09
10;91;1.45;12.16;0.02;0.13;75;54;70;64;14565;10928;14.49;14.20;7421;7144;5554;5374;8.53;5.96;6.91;7.29;0.11;0.11;0.10;0.11;1005.30;769.58;870.00;1199.00;803.56;737.35;26.12
0;42;0.00;4.62;0.00;0.11;43;26;31;43;6309;5562;5.58;5.32;3311;2998;2322;3240;3.32;2.26;2.31;3.01;0.08;0.09;0.07;0.07;1130.53;1045.54;996.37;1328.02;1003.45;1077.95;26.08
11;75;1.57;8.95;0.02;0.12;61;76;64;55;12553;13892;16.39;17.13;6279;6274;6970;6922;8.76;7.63;8.62;8.50;0.14;0.10;0.13;0.15;765.81;811.06;716.46;822.51;808.25;813.91;26.06
13;83;1.80;10.73;0.02;0.13;76;59;60;69;13705;18802;16.57;16.68;6932;6773;9434;9368;8.68;7.89;6.91;9.76;0.11;0.13;0.12;0.14;827.05;1127.50;798.68;858.25;1365.07;959.36;26.11
17;85;2.66;10.90;0.03;0.13;68;51;56;64;16555;10923;15.82;15.52;7888;8667;5694;5229;9.03;6.79;7.14;8.38;0.13;0.13;0.13;0.13;1046.14;703.79;873.43;1275.74;797.65;623.86;26.10
5;62;0.48;7.96;0.01;0.13;57;34;29;69;6550;4963;7.15;6.79;3752;2798;2854;2109;4.26;2.89;2.93;3.85;0.07;0.09;0.10;0.06;915.90;731.07;880.95;967.36;972.66;547.16;26.05
17;81;2.69;10.92;0.03;0.13;57;64;55;61;11339;8972;12.08;12.51;5799;5540;4455;4517;6.27;5.81;6.09;6.42;0.11;0.09;0.11;0.11;938.91;716.91;924.65;954.33;731.26;703.30;26.05
0;113;0.00;14.36;0.00;0.13;85;54;37;96;5126;3756;10.74;10.81;2341;2785;1679;2077;5.87;4.87;3.31;7.49;0.07;0.09;0.09;0.08;477.27;347.52;398.74;571.95;506.50;277.19;26.08
17;45;1.84;5.11;0.04;0.11;61;57;54;68;12415;10443;12.77;11.22;6251;6164;5195;5248;7.19;5.58;5.79;5.43;0.12;0.10;0.11;0.08;971.95;930.36;869.15;1104.43;896.92;966.01;26.08
4;76;0.57;9.26;0.01;0.12;55;51;57;52;9306;6434;9.48;8.93;4977;4329;3367;3067;5.37;4.11;4.45;4.48;0.10;0.08;0.08;0.09;981.40;720.52;926.75;1052.77;757.36;684.00;26.04
12;91;1.79;11.61;0.02;0.13;58;51;64;76;13071;15784;15.14;15.41;6337;6734;8250;7534;8.42;6.71;6.88;8.53;0.15;0.13;0.11;0.11;863.52;1024.45;752.40;1002.92;1199.64;883.21;26.09
16;61;2.47;7.95;0.04;0.13;54;54;56;46;12590;8991;13.57;13.12;6246;6344;4564;4427;7.67;5.90;6.35;6.77;0.14;0.11;0.11;0.15;927.92;685.21;814.58;1075.22;718.47;653.99;26.09
4;33;5.59;4.66;0.17;0.14;74;28;23;63;6897;5822;6.69;6.35;3156;3741;2626;3196;4.00;2.69;2.18;4.17;0.05;0.10;0.09;0.07;1030.29;917.18;789.14;1388.16;1207.34;765.93;26.11
7;100;0.98;12.34;0.01;0.12;63;79;51;91;12746;9881;15.25;15.22;6126;6620;5054;4827;7.68;7.57;6.53;8.68;0.12;0.10;0.13;0.10;835.76;649.38;797.89;874.14;773.42;556.02;26.11
10;43;1.37;6.14;0.03;0.14;41;40;36;44;8475;7306;8.54;8.73;4338;4137;3565;3741;4.12;4.42;3.87;4.86;0.10;0.11;0.11;0.11;992.29;836.51;1052.88;935.82;920.59;769.53;26.09
0;0;0.00;0.00;0.00;0.00;0;0;0;0;0;0;0.00;0.00;0;0;0;0;0.00;0.00;0.00;0.00;0.00;0.00;0.00;0.00;1.00;1.00;1.00;1.00;1.00;1.00;26.07
13;94;1.81;12.11;0.02;0.13;65;49;54;71;8756;8502;10.37;10.89;4415;4341;4454;4048;6.15;4.22;5.52;5.37;0.09;0.09;0.10;0.08;844.08;780.53;717.53;1028.59;807.00;753.34;26.11
22;75;2.73;9.69;0.04;0.13;82;56;49;87;11945;10261;13.56;14.24;6200;5745;5159;5102;8.01;5.55;5.00;9.24;0.10;0.10;0.10;0.11;880.93;720.69;774.51;1034.29;1031.81;552.30;26.11
22;63;3.51;7.53;0.06;0.12;81;51;58;86;12702;13631;14.75;14.53;6156;6546;7011;6620;7.91;6.84;6.53;8.00;0.10;0.13;0.11;0.09;861.23;938.11;778.60;956.73;1074.02;827.25;26.12
14;52;1.52;5.78;0.03;0.11;40;49;38;44;10571;8797;8.29;7.64;5321;5250;4281;4516;3.56;4.73;3.58;4.06;0.09;0.10;0.09;0.09;1275.24;1151.75;1493.77;1110.57;1195.85;1112.85;26.08
7;92;1.41;12.66;0.02;0.14;93;44;43;79;8539;15566;12.21;12.40;4234;4305;8001;7565;7.53;4.68;4.85;7.55;0.08;0.11;0.11;0.10;699.62;1255.76;562.46;920.37;1650.78;1002.14;26.09
23;76;3.12;9.39;0.04;0.12;70;63;73;86;18358;12572;15.77;14.82;9499;8859;6428;6144;8.05;7.72;7.06;7.76;0.12;0.12;0.10;0.09;1164.18;848.53;1179.78;1147.90;911.05;791.70;26.08
8;1;1.05;0.10;1.05;0.10;56;21;31;58;8468;5093;8.28;7.62;4216;4252;2663;2430;5.27;3.01;3.42;4.20;0.09;0.14;0.11;0.07;1022.66;668.03;799.68;1413.44;778.18;578.32;26.07
29;71;3.87;8.86;0.05;0.12;76;65;65;80;11898;13986;14.26;13.81;6027;5871;6988;6998;7.60;6.66;7.04;6.77;0.10;0.10;0.11;0.08;834.53;1012.51;793.26;881.62;992.55;1033.26;26.13
5;34;0.88;3.93;0.03;0.12;42;29;29;53;9084;5006;7.05;7.31;3948;5136;2384;2622;3.95;3.10;3.12;4.19;0.09;0.11;0.11;0.08;1287.68;685.25;998.50;1656.44;765.00;625.92;26.11
51;59;6.19;7.64;0.10;0.13;78;82;65;80;9934;11285;12.03;11.48;4814;5120;5659;5626;5.79;6.24;5.64;5.85;0.07;0.08;0.09;0.07;825.64;982.61;831.19;820.48;1003.94;962.05;26.08
18;71;2.48;9.25;0.03;0.13;65;67;68;74;16231;11170;15.18;14.48;8209;8022;5733;5437;8.31;6.87;7.65;6.83;0.13;0.10;0.11;0.09;1069.41;771.47;988.43;1167.28;749.60;795.96;26.10
3;58;0.39;7.07;0.01;0.12;120;41;31;116;6519;6458;8.74;9.26;2773;3746;3529;2929;5.38;3.36;2.68;6.57;0.04;0.08;0.09;0.06;745.87;697.69;515.79;1113.59;1314.43;445.71;26.06
14;52;2.03;6.93;0.04;0.13;61;60;50;67;17583;12832;13.42;13.70;9352;8231;6743;6089;6.75;6.67;6.78;6.93;0.11;0.11;0.14;0.10;1310.64;936.31;1385.50;1234.84;994.93;878.96;26.10
16;83;2.29;11.23;0.03;0.14;103;56;58;103;18198;10676;14.26;13.13;9091;9107;5087;5589;8.43;5.84;5.54;7.60;0.08;0.10;0.10;0.07;1275.82;813.02;1078.77;1560.34;919.05;735.76;26.04
25;79;3.41;10.95;0.04;0.14;73;55;73;83;19300;9207;16.91;15.67;9873;9427;4803;4404;10.07;6.84;7.79;7.88;0.14;0.12;0.11;0.09;1141.21;587.72;979.96;1378.83;616.68;559.09;26.10
27;76;3.83;10.07;0.05;0.13;73;52;70;69;14900;10542;15.14;14.43;7432;7468;5429;5113;8.45;6.69;7.01;7.42;0.12;0.13;0.10;0.11;984.14;730.33;879.74;1115.93;774.48;688.65;26.11
5;42;3.16;5.41;0.08;0.13;60;44;54;51;10851;7279;9.83;9.69;5739;5112;3488;3791;5.49;4.34;4.91;4.78;0.09;0.10;0.09;0.09;1103.31;751.36;1044.78;1177.34;710.46;793.38;26.08
4;59;0.62;7.83;0.01;0.13;43;55;44;56;7711;4876;10.46;10.47;4024;3687;2393;2483;5.36;5.10;4.62;5.85;0.12;0.09;0.10;0.10;737.19;465.82;751.22;722.47;518.22;424.47;26.08
26;72;3.20;9.25;0.04;0.13;73;65;62;91;14527;15048;15.12;15.62;6799;7728;7292;7756;7.68;7.44;6.71;8.91;0.11;0.11;0.11;0.10;960.83;963.36;885.84;1038.14;1087.06;870.26;26.09
24;81;3.59;11.63;0.04;0.14;64;67;69;63;18836;14494;15.18;15.17;9141;9695;7261;7233;7.59;7.58;6.88;8.29;0.12;0.11;0.10;0.13;1241.24;955.58;1203.67;1278.88;1055.66;872.54;26.14
22;80;3.04;10.62;0.04;0.13;78;80;72;76;17558;12326;16.52;15.35;8852;8706;6407;5919;8.52;7.99;8.00;7.35;0.11;0.10;0.11;0.10;1063.05;803.08;1038.50;1089.23;800.56;805.82;26.12
18;77;2.44;10.67;0.03;0.14;63;56;40;85;11333;7248;13.01;11.63;5770;5563;3562;3686;6.70;6.31;5.12;6.50;0.11;0.11;0.13;0.08;871.15;623.46;861.06;881.88;695.53;566.71;26.08
16;18;2.05;2.08;0.11;0.12;44;35;35;50;13292;12675;11.43;11.16;6644;6648;6058;6617;6.36;5.06;4.80;6.35;0.14;0.14;0.14;0.13;1163.38;1136.06;1044.45;1312.78;1261.07;1041.54;26.05
24;88;3.15;11.48;0.04;0.13;80;67;64;75;19844;19087;17.52;17.39;9993;9851;9726;9361;10.01;7.51;7.62;9.78;0.13;0.11;0.12;0.13;1132.97;1097.46;998.49;1312.25;1276.97;957.59;26.12
16;89;2.08;11.35;0.02;0.13;67;60;53;79;18244;12976;16.59;15.99;9114;9130;6131;6845;9.03;7.56;6.85;9.14;0.13;0.13;0.13;0.12;1099.64;811.31;1009.50;1207.24;894.90;748.67;26.09
7;20;0.75;2.31;0.04;0.12;32;18;22;29;5576;4462;5.18;4.95;2198;3378;2117;2345;2.93;2.25;2.54;2.41;0.09;0.12;0.12;0.08;1076.70;900.73;750.44;1501.44;832.33;972.91;26.03
30;65;3.73;8.57;0.06;0.13;78;64;54;76;10370;16470;12.91;13.37;5136;5234;8320;8150;6.08;6.82;6.73;6.64;0.08;0.11;0.12;0.09;803.49;1231.78;844.08;767.29;1235.69;1227.80;26.10
24;54;3.41;7.30;0.06;0.14;79;66;59;84;13249;13122;14.65;15.55;6431;6818;6683;6439;7.23;7.42;7.42;8.12;0.09;0.11;0.13;0.10;904.30;843.95;889.01;919.21;900.16;792.58;26.09
0;72;0.00;9.45;0.00;0.13;44;63;48;61;6517;7694;8.94;9.00;3543;2974;3785;3909;3.41;5.53;4.55;4.45;0.08;0.09;0.09;0.07;728.65;854.99;1038.68;537.51;832.38;878.10;26.09
4;102;0.56;13.25;0.01;0.13;72;61;53;73;11364;14424;17.33;17.00;5690;5674;7311;7113;9.87;7.46;7.62;9.38;0.14;0.12;0.14;0.13;655.84;848.35;576.76;760.40;959.58;758.03;26.31
10;93;1.37;11.92;0.01;0.13;83;86;73;81;9469;12298;15.47;16.40;4524;4945;6080;6218;7.85;7.63;7.69;8.71;0.09;0.09;0.11;0.11;611.95;749.88;576.47;648.47;790.37;714.11;26.23
1;12;0.39;1.22;0.03;0.10;24;16;27;26;6108;3907;4.61;4.15;2921;3187;1776;2131;2.91;1.71;2.10;2.04;0.12;0.11;0.08;0.08;1323.97;942.36;1004.60;1868.34;844.01;1043.72;26.21
0;103;0.00;14.73;0.00;0.14;61;64;50;71;7183;7827;12.75;12.00;3652;3531;3960;3867;7.12;5.62;4.94;7.06;0.12;0.09;0.10;0.10;563.48;652.22;512.67;627.84;800.85;548.06;26.22
1;113;0.04;14.60;0.00;0.13;106;67;64;98;12003;15550;16.62;16.67;6243;5760;7725;7825;10.75;5.87;6.59;10.08;0.10;0.09;0.10;0.10;722.31;932.74;580.70;981.83;1172.68;776.00;26.26
3;37;0.30;4.80;0.01;0.13;43;37;46;34;7554;7334;8.99;9.13;3816;3738;3828;3506;5.04;3.95;4.23;4.90;0.12;0.11;0.09;0.14;840.27;803.57;756.73;946.99;904.92;716.02;26.40
6;42;0.56;4.48;0.01;0.11;33;55;42;41;7122;9079;9.61;9.09;3941;3181;4719;4360;4.25;5.36;4.44;4.65;0.13;0.10;0.11;0.11;741.18;998.90;928.33;593.05;1063.38;937.38;26.15
2;107;0.20;13.39;0.00;0.13;95;57;56;97;8226;7397;13.30;12.96;4089;4137;3928;3469;8.34;4.96;5.30;7.66;0.09;0.09;0.09;0.08;618.63;570.69;490.19;834.83;741.41;452.67;26.18
0;110;0.00;13.81;0.00;0.13;73;70;62;90;12565;10055;15.51;15.13;6698;5867;4936;5119;9.14;6.38;6.75;8.38;0.13;0.09;0.11;0.09;810.02;664.47;733.18;920.10;731.13;610.77;26.26
1;20;0.09;2.13;0.00;0.11;26;22;23;34;6496;6394;5.53;5.18;3277;3219;2874;3520;3.23;2.30;2.61;2.58;0.12;0.10;0.11;0.08;1175.05;1233.39;1015.70;1398.38;1102.90;1365.28;26.13
0;118;0.00;14.66;0.00;0.12;99;74;66;104;11360;9590;15.00;14.92;5798;5562;4751;4839;8.96;6.04;6.92;8.01;0.09;0.08;0.10;0.08;757.20;642.57;647.18;920.30;686.81;604.35;26.20
1;7;0.11;0.78;0.02;0.11;24;19;21;21;5561;5355;4.68;4.59;2480;3081;2370;2985;2.31;2.37;2.57;2.02;0.10;0.12;0.12;0.10;1188.78;1166.50;1073.87;1300.82;920.48;1480.72;26.11
0;113;0.00;13.96;0.00;0.12;106;71;72;95;11790;12468;16.61;16.64;5967;5823;6282;6186;9.91;6.70;7.67;8.97;0.09;0.09;0.11;0.09;709.65;749.43;602.07;868.71;818.92;689.97;26.24
0;121;0.00;16.85;0.00;0.14;98;59;57;121;5012;5535;10.94;10.31;2673;2339;2644;2891;7.26;3.69;4.13;6.19;0.07;0.06;0.07;0.05;458.00;536.70;368.37;634.41;640.76;467.30;26.18
1;102;0.12;12.95;0.00;0.13;78;65;62;71;7640;6400;12.48;12.58;4125;3515;3272;3128;6.90;5.58;6.22;6.36;0.09;0.09;0.10;0.09;612.09;508.57;597.91;629.61;525.97;491.56;26.19
1;115;0.14;15.11;0.00;0.13;59;70;57;78;12907;9488;13.58;12.73;6287;6620;4739;4749;6.95;6.63;5.37;7.36;0.12;0.09;0.09;0.09;950.17;745.27;904.35;998.21;881.79;645.54;26.11
7;5;1.46;0.50;0.29;0.10;27;25;20;29;7525;5046;6.09;5.52;3339;4186;2106;2940;3.17;2.92;2.39;3.14;0.12;0.12;0.12;0.11;1234.74;913.40;1052.97;1431.91;881.94;937.35;26.08
3;91;1.07;11.55;0.01;0.13;75;61;63;80;12597;8372;13.28;12.44;6415;6182;4289;4083;7.53;5.75;6.06;6.37;0.10;0.09;0.10;0.08;948.69;673.19;852.26;1074.88;707.43;640.61;26.13
5;2;1.01;0.18;0.51;0.09;37;20;26;33;3915;4069;5.43;4.99;1789;2126;1979;2090;2.95;2.49;2.16;2.82;0.08;0.12;0.08;0.09;720.38;816.11;606.99;854.74;914.36;740.74;26.13
0;98;0.00;11.29;0.00;0.12;76;61;62;81;9624;11290;14.89;15.56;5042;4582;5823;5467;9.73;5.16;7.13;8.43;0.13;0.08;0.11;0.10;646.49;725.58;518.28;888.29;816.84;648.42;26.20
8;9;0.85;1.03;0.09;0.11;29;22;37;10;2490;3435;4.24;3.92;1160;1330;1383;2052;2.17;2.07;2.40;1.52;0.07;0.09;0.06;0.15;587.49;876.85;535.11;642.34;576.66;1350.75;26.11
0;49;0.00;5.67;0.00;0.12;43;62;51;47;10996;6506;9.97;9.94;5424;5572;3396;3110;4.79;5.19;3.86;6.09;0.11;0.08;0.08;0.13;1102.74;654.34;1133.34;1074.50;880.64;510.96;26.18
0;52;0.00;6.17;0.00;0.12;48;43;33;46;6482;6081;8.15;7.75;3709;2773;3137;2944;4.28;3.87;3.52;4.23;0.09;0.09;0.11;0.09;795.79;784.79;866.90;717.11;891.54;695.99;26.15
1;72;0.08;9.22;0.00;0.13;87;29;25;100;4716;5332;7.46;6.59;2581;2135;2227;3105;5.36;2.10;2.68;3.92;0.06;0.07;0.11;0.04;632.55;808.62;481.88;1016.98;831.52;792.96;26.16
6;41;0.64;4.76;0.02;0.12;53;37;34;61;5972;8022;8.37;10.01;2612;3360;3970;4052;4.04;4.33;4.32;5.69;0.08;0.12;0.13;0.09;713.10;801.55;645.94;775.81;919.84;711.85;26.16
0;92;0.00;11.47;0.00;0.12;80;46;50;63;9765;8978;11.20;10.76;5211;4554;4802;4176;6.94;4.27;4.87;5.89;0.09;0.09;0.10;0.09;871.61;834.55;751.05;1067.74;985.47;709.59;26.19
1;92;0.08;11.61;0.00;0.13;46;49;54;57;9602;5170;10.59;8.96;4239;5363;2808;2362;5.84;4.75;4.41;4.55;0.13;0.10;0.08;0.08;906.57;576.92;726.20;1128.03;636.37;519.25;26.13
0;105;0.00;14.33;0.00;0.14;71;69;73;92;10817;7455;14.03;13.14;5322;5495;3395;4060;7.95;6.08;5.71;7.43;0.11;0.09;0.08;0.08;770.88;567.19;669.61;903.17;594.43;546.25;26.16
0;114;0.00;15.74;0.00;0.14;63;69;57;94;13528;8365;12.79;12.52;7020;6508;3917;4448;6.60;6.19;4.74;7.78;0.10;0.09;0.08;0.08;1057.76;668.08;1063.50;1051.63;826.72;571.51;26.25
1;83;0.09;10.48;0.00;0.13;59;54;60;57;8741;8343;10.80;11.00;4185;4556;4230;4113;6.40;4.40;6.19;4.81;0.11;0.08;0.10;0.08;809.36;758.22;653.95;1035.40;683.37;854.46;26.21
4;81;0.53;10.08;0.01;0.12;103;37;38;91;6596;5588;9.31;9.14;3141;3455;2950;2638;6.42;2.89;3.30;5.84;0.06;0.08;0.09;0.06;708.73;611.30;489.57;1195.10;894.69;451.40;26.17
1;103;0.05;13.22;0.00;0.13;79;73;74;70;9652;15751;15.33;16.02;5056;4596;8082;7669;8.65;6.68;8.14;7.88;0.11;0.09;0.11;0.11;629.80;983.27;584.74;688.14;993.02;973.21;26.16
11;3;2.10;0.28;0.70;0.09;43;46;40;57;9178;9822;9.42;7.91;4310;4868;4749;5073;4.34;5.08;3.36;4.55;0.10;0.11;0.08;0.08;974.69;1242.21;994.13;958.10;1413.46;1115.67;26.23
11;48;2.46;5.80;0.05;0.12;46;56;44;64;6883;7138;9.63;9.21;3928;2955;3516;3622;5.25;4.37;4.44;4.77;0.11;0.08;0.10;0.07;714.94;774.99;747.65;675.65;791.34;759.75;26.21
0;119;0.00;15.78;0.00;0.13;77;64;53;90;6222;3031;8.82;7.96;2799;3423;1469;1562;4.23;4.59;3.74;4.21;0.05;0.07;0.07;0.05;705.39;381.00;661.31;746.05;392.69;370.63;26.22
5;2;0.68;0.18;0.34;0.09;35;25;37;35;8511;5471;8.10;6.81;4258;4253;2640;2831;4.68;3.42;3.60;3.21;0.13;0.14;0.10;0.09;1050.95;803.53;909.82;1244.15;734.24;881.05;26.26
0;96;0.00;12.13;0.00;0.13;89;66;64;125;9805;8734;14.33;14.42;5061;4744;4202;4532;8.27;6.06;6.04;8.39;0.09;0.09;0.09;0.07;684.32;605.62;611.80;783.37;696.11;540.48;26.17
0;103;0.00;13.42;0.00;0.13;72;57;65;82;14145;12155;15.61;15.35;7234;6911;6205;5950;8.70;6.91;6.24;9.10;0.12;0.12;0.10;0.11;906.09;792.05;831.24;1000.37;993.81;653.66;26.30
