qt_l_click;qt_r_click;total_time_l_click;total_time_r_click;avg_time_l_click;avg_time_r_click;l_mov_count;r_mov_count;u_mov_count;d_mov_count;total_hor_dist;total_ver_dist;total_hor_time;total_ver_time;total_dist_l_mov;total_dist_r_mov;total_dist_u_mov;total_dist_d_mov;total_time_l_mov;total_time_r_mov;total_time_u_mov;total_time_d_mov;avg_time_l_mov;avg_time_r_mov;avg_time_u_mov;avg_time_d_mov;hor_speed;ver_speed;l_speed;r_speed;u_speed;d_speed;total_capture_time
7;63;0.78;8.02;0.01;0.13;55;69;58;66;17713;16530;19.11;19.60;8813;8900;8108;8422;9.26;9.86;8.52;11.08;0.17;0.14;0.15;0.17;926.66;843.32;951.91;902.94;951.96;759.84;28.38
3;60;0.29;7.69;0.00;0.13;69;56;75;49;12793;13356;18.09;16.78;6292;6501;6879;6477;8.60;9.48;8.69;8.09;0.12;0.17;0.12;0.17;707.33;795.98;731.30;685.58;791.39;800.91;28.39
5;23;0.92;2.38;0.04;0.10;80;58;60;51;17516;11202;14.25;13.15;8419;9097;5657;5545;6.29;7.96;6.49;6.66;0.08;0.14;0.11;0.13;1229.42;851.88;1339.04;1142.83;871.58;832.68;28.19
8;49;1.43;6.45;0.03;0.13;53;57;63;53;10735;12347;16.69;16.66;4908;5827;5889;6458;7.98;8.71;8.47;8.19;0.15;0.15;0.13;0.15;643.25;741.16;615.19;668.95;695.08;788.84;28.21
2;47;0.20;5.97;0.00;0.13;63;55;50;64;13211;13438;16.90;15.41;6316;6895;6634;6804;8.67;8.24;6.28;9.13;0.14;0.15;0.13;0.14;781.63;872.30;728.86;837.15;1056.61;745.51;28.27
5;26;4.94;4.15;0.19;0.16;51;57;71;49;4462;3222;10.98;10.43;2474;1988;1978;1244;5.60;5.38;5.48;4.95;0.11;0.09;0.08;0.10;406.49;308.93;442.08;369.47;360.68;251.55;28.34
12;46;1.04;5.79;0.02;0.13;64;49;54;63;18159;17348;18.25;18.51;9142;9017;9025;8323;9.97;8.28;8.48;10.02;0.16;0.17;0.16;0.16;994.83;937.41;916.92;1088.60;1063.84;830.39;28.47
2;45;0.41;6.86;0.01;0.15;45;70;57;57;14747;14274;16.53;16.28;7305;7442;7072;7202;6.94;9.59;7.68;8.61;0.15;0.14;0.13;0.15;892.11;876.57;1052.14;776.21;921.42;836.58;28.32
6;58;0.58;8.11;0.01;0.14;68;45;54;52;13359;15613;17.62;18.24;6974;6385;7726;7887;9.43;8.20;8.04;10.20;0.14;0.18;0.15;0.20;757.98;855.95;739.64;779.07;961.34;772.94;28.26
3;39;0.72;5.29;0.02;0.14;64;60;62;62;22123;11696;16.98;16.18;10899;11224;5686;6010;8.52;8.46;8.33;7.86;0.13;0.14;0.13;0.13;1302.77;722.66;1278.71;1327.02;682.69;765.03;28.54
0;48;0.00;6.90;0.00;0.14;68;56;68;80;27325;13420;18.54;17.40;14129;13196;7067;6353;9.86;8.68;7.96;9.44;0.14;0.15;0.12;0.12;1474.04;771.39;1433.14;1520.51;887.77;673.22;28.37
4;14;2.18;1.93;0.16;0.14;40;38;24;31;9649;9903;8.94;8.33;4728;4921;4953;4950;3.68;5.26;3.24;5.10;0.09;0.14;0.13;0.16;1079.49;1188.18;1285.92;935.25;1530.02;971.09;28.14
1;79;0.10;10.92;0.00;0.14;51;64;57;100;21781;7675;19.22;17.53;10373;11408;3917;3758;8.58;10.63;6.55;10.98;0.17;0.17;0.11;0.11;1133.45;437.87;1208.75;1072.69;597.89;342.37;28.52
9;32;2.29;4.11;0.07;0.13;60;43;39;71;18053;12130;18.66;17.61;8895;9158;5856;6274;10.41;8.25;7.99;9.62;0.17;0.19;0.20;0.14;967.23;688.84;854.13;1109.99;732.90;652.24;28.53
4;37;1.88;4.83;0.05;0.13;43;42;49;53;11130;11417;14.24;13.63;5885;5245;5843;5574;8.22;6.02;6.00;7.63;0.19;0.14;0.12;0.14;781.70;837.60;716.36;870.81;974.01;730.38;28.31
3;33;0.38;4.31;0.01;0.13;41;37;59;56;17084;8732;13.82;12.74;8696;8388;4161;4571;7.39;6.43;6.43;6.31;0.18;0.17;0.11;0.11;1236.03;685.18;1176.63;1304.30;646.74;724.38;28.29
5;53;0.47;6.34;0.01;0.12;55;53;50;66;16223;11811;17.16;15.44;8079;8144;5575;6236;7.72;9.44;5.81;9.63;0.14;0.18;0.12;0.15;945.57;765.13;1046.29;863.14;959.42;647.84;28.46
4;6;0.51;0.87;0.08;0.15;32;30;45;41;8539;5911;10.13;9.79;3949;4590;2822;3089;5.11;5.01;4.65;5.14;0.16;0.17;0.10;0.13;843.36;603.69;772.28;915.88;606.56;601.10;28.11
5;51;0.46;6.86;0.01;0.13;51;58;61;52;15871;16802;20.32;19.83;7692;8179;8314;8488;9.03;11.29;9.18;10.65;0.18;0.19;0.15;0.20;781.23;847.48;851.83;724.74;905.73;797.26;28.63
4;66;0.43;9.28;0.01;0.14;62;48;59;68;23190;14799;19.12;17.85;11997;11193;7302;7497;10.06;9.07;7.69;10.16;0.16;0.19;0.13;0.15;1212.82;828.96;1193.13;1234.67;949.00;738.03;28.50
3;2;0.70;0.35;0.35;0.17;48;23;20;48;8727;10269;9.23;8.98;3776;4951;5399;4870;5.53;3.70;2.38;6.60;0.12;0.16;0.12;0.14;945.46;1143.48;683.35;1336.41;2264.90;738.25;28.30
6;64;0.64;8.30;0.01;0.13;60;59;57;71;15118;11844;17.67;17.01;7557;7561;6104;5740;9.22;8.45;8.00;9.00;0.15;0.14;0.14;0.13;855.62;696.49;819.28;895.30;762.66;637.66;28.65
7;28;0.74;3.31;0.03;0.12;70;85;52;70;9664;11461;15.72;14.50;4436;5228;5688;5773;6.23;9.49;5.61;8.89;0.09;0.11;0.11;0.13;614.79;790.44;712.56;550.68;1013.29;649.66;28.32
1;56;0.09;7.87;0.00;0.14;69;42;41;61;14584;13372;13.98;12.41;7684;6900;6678;6694;8.12;5.86;5.77;6.65;0.12;0.14;0.14;0.11;1043.27;1077.17;946.86;1176.70;1157.70;1007.27;28.28
3;46;0.35;6.92;0.01;0.15;69;51;44;67;14229;9876;13.98;12.66;7180;7049;4551;5325;7.55;6.42;4.88;7.79;0.11;0.13;0.11;0.12;1018.12;779.89;950.39;1097.81;933.52;683.72;28.32
0;5;0.00;0.73;0.00;0.15;28;28;30;18;11826;7476;7.21;6.56;5539;6287;3836;3640;3.42;3.79;4.09;2.46;0.12;0.14;0.14;0.14;1641.06;1140.39;1621.01;1659.15;937.27;1477.92;28.04
0;58;0.00;8.71;0.00;0.15;43;46;73;64;16346;8143;17.67;15.13;8540;7806;4304;3839;10.32;7.35;7.61;7.53;0.24;0.16;0.10;0.12;925.19;538.11;827.70;1062.06;565.87;510.06;28.30
1;70;0.13;10.31;0.00;0.15;58;56;79;76;13621;8482;17.78;15.04;6524;7097;4275;4207;8.52;9.26;7.36;7.68;0.15;0.17;0.09;0.10;766.13;563.81;765.45;766.77;580.78;547.55;28.60
14;40;4.93;4.95;0.12;0.12;48;47;42;47;16275;13313;18.91;17.12;8128;8147;6632;6681;10.59;8.32;6.51;10.61;0.22;0.18;0.16;0.23;860.54;777.48;767.26;979.32;1018.45;629.61;28.52
5;4;0.40;0.37;0.10;0.09;49;60;60;47;21846;10610;12.18;10.92;10927;10919;5012;5598;5.44;6.74;5.62;5.30;0.11;0.11;0.09;0.11;1793.70;971.37;2007.79;1620.75;891.52;1056.05;28.24
5;38;0.56;5.95;0.01;0.16;38;46;48;73;20101;10869;14.67;13.79;10473;9628;5438;5431;8.22;6.45;5.90;7.88;0.22;0.14;0.12;0.11;1370.16;788.41;1273.53;1493.42;921.09;689.02;28.32
6;9;0.71;1.22;0.08;0.14;56;58;63;35;5945;4727;8.10;8.76;2804;3141;2202;2525;3.86;4.24;4.45;4.30;0.07;0.07;0.07;0.12;733.96;539.89;726.49;740.76;494.77;586.54;28.01
2;70;0.15;8.99;0.00;0.13;72;59;66;69;18754;13769;19.55;18.86;9073;9681;6807;6962;10.01;9.55;9.28;9.58;0.14;0.16;0.14;0.14;959.13;730.21;906.56;1014.25;733.79;726.74;28.48
4;2;3.47;0.33;1.74;0.17;43;39;50;46;10566;8619;11.62;10.38;5203;5363;4260;4359;5.56;6.06;4.61;5.77;0.13;0.16;0.09;0.13;909.39;830.04;935.24;885.65;923.93;755.05;28.21
4;31;3.16;4.33;0.10;0.14;49;58;67;45;9247;9640;13.33;12.77;4966;4281;4759;4881;6.98;6.35;6.81;5.96;0.14;0.11;0.10;0.13;693.61;754.88;711.40;674.06;698.65;819.15;28.38
2;71;0.21;10.01;0.00;0.14;58;53;76;61;18179;9897;20.00;18.97;9061;9118;4673;5224;9.90;10.10;9.11;9.87;0.17;0.19;0.12;0.16;908.91;521.59;915.15;902.80;513.05;529.47;28.45
2;0;0.57;0.00;0.57;0.00;31;50;53;31;8842;5794;9.58;7.71;4832;4010;2503;3291;3.89;5.69;3.73;3.98;0.13;0.11;0.07;0.13;922.57;751.47;1240.91;704.71;671.91;825.85;28.06
1;62;0.28;9.41;0.00;0.15;58;46;68;60;17706;10912;17.57;16.26;8729;8977;5456;5456;9.99;7.58;7.83;8.43;0.17;0.16;0.12;0.14;1007.60;671.27;873.87;1183.76;696.79;647.55;28.53
2;2;0.20;0.25;0.10;0.12;20;30;33;23;8696;9523;6.66;6.51;4405;4291;4621;4902;2.25;4.40;3.16;3.35;0.11;0.15;0.10;0.15;1306.27;1463.60;1955.53;974.23;1463.56;1463.65;28.13
0;56;0.00;7.05;0.00;0.13;48;58;61;53;7750;8148;13.79;13.92;3680;4070;4038;4110;6.79;7.00;7.28;6.64;0.14;0.12;0.12;0.13;561.85;585.14;541.68;581.43;554.50;618.72;28.35
0;47;0.00;6.91;0.00;0.15;67;53;67;66;27066;14661;19.34;17.61;13211;13855;7401;7260;10.76;8.58;8.06;9.54;0.16;0.16;0.12;0.14;1399.32;832.67;1227.51;1614.86;917.93;760.64;28.47
2;29;5.81;3.09;0.20;0.11;41;56;45;46;13449;8430;10.69;8.49;7133;6316;4679;3751;4.93;5.76;3.95;4.54;0.12;0.10;0.09;0.10;1258.11;992.89;1446.52;1096.78;1184.29;826.31;28.06
2;63;1.63;8.39;0.03;0.13;60;69;65;83;9242;5016;14.01;11.60;4840;4402;2877;2139;6.30;7.71;5.75;5.85;0.10;0.11;0.09;0.07;659.66;432.46;768.47;570.81;500.23;365.81;28.82
7;63;0.73;9.00;0.01;0.14;69;60;52;71;12921;14189;20.98;20.75;6535;6386;6982;7207;9.87;11.11;8.02;12.73;0.14;0.19;0.15;0.18;615.83;683.82;661.84;574.93;870.43;566.22;28.73
4;65;0.61;8.77;0.01;0.13;44;53;73;45;17002;10754;19.70;18.73;8431;8571;5395;5359;10.62;9.09;9.86;8.87;0.24;0.17;0.14;0.20;862.94;574.11;794.12;943.35;546.99;604.27;28.49
9;50;1.75;6.88;0.04;0.14;70;56;64;88;12114;7383;16.64;14.89;6209;5905;3681;3702;8.85;7.79;6.80;8.09;0.13;0.14;0.11;0.09;727.88;495.73;701.70;757.61;541.16;457.54;28.31
4;38;0.37;4.81;0.01;0.13;70;76;52;58;10232;12900;18.23;19.83;4653;5579;6463;6437;8.99;9.24;9.07;10.76;0.13;0.12;0.17;0.19;561.39;650.53;517.79;603.78;712.72;598.12;28.44
4;59;0.51;7.72;0.01;0.13;58;70;52;60;14450;15755;17.75;17.98;7087;7363;7748;8007;9.22;8.52;7.73;10.24;0.16;0.12;0.15;0.17;814.10;876.44;768.25;863.72;1001.86;781.74;28.37
0;92;0.00;11.39;0.00;0.12;40;47;66;52;19459;13418;22.87;21.08;9602;9857;6676;6742;11.46;11.41;8.64;12.45;0.29;0.24;0.13;0.24;850.75;636.48;837.78;863.78;773.01;541.74;28.49
6;62;0.67;8.62;0.01;0.14;62;52;52;85;14358;11497;20.02;18.79;7454;6904;5789;5708;10.45;9.57;8.22;10.57;0.17;0.18;0.16;0.12;717.27;611.78;713.57;721.32;704.12;539.95;28.47
18;43;1.88;5.73;0.04;0.13;61;71;58;72;12573;12638;19.55;19.45;6149;6424;6243;6395;9.60;9.95;8.45;11.00;0.16;0.14;0.15;0.15;643.13;649.66;640.32;645.84;738.91;581.14;28.42
5;3;6.47;0.41;2.16;0.14;46;34;42;37;6527;4334;8.04;7.37;2683;3844;1886;2448;3.72;4.33;4.04;3.33;0.08;0.13;0.10;0.09;811.53;587.95;721.81;888.61;466.56;735.35;28.08
13;52;1.42;6.32;0.03;0.12;60;61;66;67;12397;10811;19.85;18.61;6077;6320;5336;5475;10.57;9.28;8.88;9.73;0.18;0.15;0.13;0.15;624.49;580.95;574.93;680.95;601.18;562.50;28.45
10;21;6.11;2.40;0.29;0.11;46;42;41;45;10375;6948;12.03;11.66;4919;5456;3436;3512;6.64;5.39;4.92;6.73;0.14;0.13;0.12;0.15;862.16;596.14;740.81;1011.54;698.17;521.56;28.23
9;40;1.60;5.32;0.04;0.13;61;60;59;66;17169;12399;18.88;18.43;8719;8450;6121;6278;9.90;8.98;8.28;10.15;0.16;0.15;0.14;0.15;909.18;672.86;880.72;940.53;739.44;618.56;28.44
8;45;0.99;6.16;0.02;0.14;60;56;49;56;11035;15844;19.29;19.24;5711;5324;7631;8213;9.67;9.62;8.21;11.02;0.16;0.17;0.17;0.20;572.05;823.53;590.86;553.16;928.94;744.99;28.43
13;27;1.18;3.24;0.04;0.12;57;68;43;53;5723;10860;11.41;12.62;2697;3026;5520;5340;5.33;6.07;5.64;6.98;0.09;0.09;0.13;0.13;501.71;860.47;505.79;498.13;979.40;764.51;28.12
11;24;1.78;3.20;0.07;0.13;56;57;66;52;18024;8381;14.60;14.24;9092;8932;4433;3948;6.74;7.86;6.73;7.52;0.12;0.14;0.10;0.14;1234.50;588.46;1349.13;1136.23;659.09;525.25;28.34
16;45;1.58;5.71;0.04;0.13;77;81;58;86;9698;10872;18.45;18.63;4832;4866;5705;5167;9.96;8.49;7.40;11.23;0.13;0.10;0.13;0.13;525.73;583.45;485.14;573.36;770.96;459.94;28.43
6;14;2.71;1.90;0.19;0.14;46;45;62;46;8352;6831;11.16;10.94;4419;3933;3272;3559;5.14;6.02;5.52;5.42;0.11;0.13;0.09;0.12;748.31;624.23;860.09;652.96;592.51;656.55;28.22
1;59;0.11;6.77;0.00;0.11;43;64;55;68;13018;9852;17.23;16.54;6563;6455;4898;4954;7.82;9.42;6.92;9.62;0.18;0.15;0.13;0.14;755.45;595.59;839.73;685.49;708.00;514.78;28.34
13;38;1.48;4.79;0.04;0.13;57;66;85;76;12576;6165;18.60;15.81;6547;6029;3286;2879;7.60;11.00;8.47;7.34;0.13;0.17;0.10;0.10;676.13;389.90;861.59;548.03;388.01;392.08;28.39
2;60;0.21;7.95;0.00;0.13;50;71;68;76;9847;7536;17.47;15.25;4543;5304;3938;3598;7.69;9.78;6.53;8.72;0.15;0.14;0.10;0.11;563.69;494.23;590.61;542.51;602.83;412.83;28.44
5;46;0.53;5.90;0.01;0.13;66;59;62;71;11367;9598;16.71;15.44;5693;5674;4945;4653;8.93;7.78;7.48;7.96;0.14;0.13;0.12;0.11;680.20;621.64;637.75;728.88;660.96;584.68;28.34
0;64;0.00;7.93;0.00;0.12;63;56;64;63;11792;6633;17.38;15.30;5648;6144;3156;3477;8.46;8.92;5.91;9.39;0.13;0.16;0.09;0.15;678.49;433.47;667.46;688.95;533.82;370.28;29.13
16;49;2.06;5.83;0.04;0.12;68;48;67;61;20086;13419;22.50;21.05;10217;9869;6636;6783;12.20;10.30;10.67;10.38;0.18;0.21;0.16;0.17;892.54;637.37;837.26;958.03;621.72;653.48;28.81
9;70;0.83;8.73;0.01;0.12;69;50;58;91;23588;13743;21.10;19.73;12081;11507;6710;7033;12.38;8.73;7.32;12.41;0.18;0.17;0.13;0.14;1117.70;696.64;976.04;1318.64;917.01;566.70;28.88
10;45;1.14;5.32;0.03;0.12;48;45;69;83;16749;11844;21.74;19.45;8855;7894;5701;6143;11.28;10.46;9.02;10.43;0.24;0.23;0.13;0.13;770.51;608.95;785.00;754.87;631.93;589.07;28.86
6;36;2.67;4.63;0.07;0.13;51;60;51;48;17241;8215;14.31;14.18;8812;8429;4180;4035;7.14;7.17;6.32;7.85;0.14;0.12;0.12;0.16;1205.04;579.47;1233.96;1176.22;661.15;513.73;28.67
12;57;1.28;6.86;0.02;0.12;67;54;59;68;15074;15159;21.70;20.72;7482;7592;7525;7634;13.49;8.22;8.97;11.74;0.20;0.15;0.15;0.17;694.59;731.77;554.76;924.15;838.68;650.08;28.97
10;61;1.09;7.84;0.02;0.13;60;72;61;65;14522;13964;18.55;18.44;7052;7470;7057;6907;9.59;8.96;7.23;11.21;0.16;0.12;0.12;0.17;783.04;757.11;735.62;833.79;976.24;615.87;28.60
6;12;1.60;1.78;0.13;0.15;51;48;55;49;10428;6527;10.45;9.87;5041;5387;3265;3262;4.34;6.11;4.42;5.46;0.09;0.13;0.08;0.11;997.91;661.03;1161.88;881.49;738.99;597.90;28.43
12;36;1.34;4.29;0.04;0.12;48;62;58;45;18520;11315;19.02;18.52;9132;9388;5619;5696;9.56;9.46;8.97;9.55;0.20;0.15;0.15;0.21;973.79;610.81;955.50;992.26;626.37;596.20;28.87
4;39;4.51;4.79;0.12;0.12;39;44;44;40;12229;5093;8.70;8.03;6153;6076;2370;2723;4.11;4.59;3.90;4.13;0.11;0.10;0.09;0.10;1405.35;633.87;1495.27;1324.69;607.56;658.69;28.52
13;41;1.33;5.18;0.03;0.13;58;64;62;66;11364;10321;19.68;18.61;5509;5855;5143;5178;9.67;10.01;7.23;11.38;0.17;0.16;0.12;0.17;577.39;554.59;569.63;584.88;711.66;454.87;28.94
1;38;0.08;4.93;0.00;0.13;51;78;39;68;15931;12955;17.61;17.15;7641;8290;6535;6420;7.82;9.80;5.70;11.45;0.15;0.13;0.15;0.17;904.59;755.40;977.73;846.24;1147.22;560.53;28.93
10;57;1.12;7.42;0.02;0.13;61;55;56;84;19681;16937;21.43;20.82;10016;9665;8365;8572;12.79;8.64;8.97;11.85;0.21;0.16;0.16;0.14;918.51;813.51;783.41;1118.37;932.58;723.38;28.91
8;27;0.81;3.08;0.03;0.11;50;42;33;54;9945;10137;12.57;12.74;4792;5153;4631;5506;6.70;5.87;5.03;7.71;0.13;0.14;0.15;0.14;791.32;795.39;714.97;878.55;919.88;714.11;28.69
5;41;0.49;5.16;0.01;0.13;56;62;60;63;21951;16179;17.82;17.23;11228;10723;7734;8445;8.92;8.90;8.30;8.93;0.16;0.14;0.14;0.14;1231.79;939.17;1259.09;1204.45;931.95;945.88;28.84
7;42;0.73;5.10;0.02;0.12;57;38;63;69;19328;11791;20.38;18.65;9922;9406;5939;5852;12.11;8.28;8.55;10.10;0.21;0.22;0.14;0.15;948.17;632.30;819.49;1136.40;694.86;579.36;28.56
9;25;1.90;2.73;0.08;0.11;56;61;60;48;13541;10134;13.67;13.21;6264;7277;4932;5202;6.50;7.18;5.46;7.75;0.12;0.12;0.09;0.16;990.21;766.86;964.00;1013.95;903.04;670.94;28.28
8;56;0.76;7.03;0.01;0.13;62;53;56;74;20898;10945;19.54;17.87;10371;10527;5370;5575;10.28;9.26;7.96;9.91;0.17;0.17;0.14;0.13;1069.31;612.56;1008.44;1136.93;675.04;562.42;28.69
0;83;0.00;11.86;0.00;0.14;58;74;40;84;11740;8766;16.75;16.86;5638;6102;4224;4542;7.66;9.09;5.36;11.49;0.13;0.12;0.13;0.14;700.97;520.03;736.13;671.34;787.43;395.21;28.74
12;60;1.22;7.16;0.02;0.12;67;51;61;79;24522;12372;21.63;20.20;12150;12372;6260;6112;12.96;8.67;9.11;11.09;0.19;0.17;0.15;0.14;1133.76;612.58;937.27;1427.69;687.19;551.27;28.90
6;17;2.46;2.05;0.14;0.12;39;68;75;42;14289;6329;13.56;11.31;7188;7101;2880;3449;5.24;8.32;5.97;5.34;0.13;0.12;0.08;0.13;1054.00;559.57;1372.77;853.40;482.74;645.35;28.57
12;24;1.35;2.96;0.06;0.12;52;68;59;58;17689;10693;15.39;13.63;8724;8965;5528;5165;6.93;8.46;6.15;7.48;0.13;0.12;0.10;0.13;1149.53;784.65;1259.21;1059.70;899.00;690.63;28.76
10;61;1.06;7.14;0.02;0.12;67;70;61;64;14808;15001;18.59;18.03;7378;7430;7700;7301;9.72;8.87;7.60;10.43;0.15;0.13;0.12;0.16;796.41;832.21;758.93;837.49;1013.40;700.19;28.77
7;53;1.23;7.50;0.02;0.14;79;72;68;87;11750;8159;16.68;15.76;5728;6022;4041;4118;9.03;7.65;6.30;9.46;0.11;0.11;0.09;0.11;704.51;517.84;634.17;787.60;641.69;435.38;28.61
3;2;0.82;0.32;0.41;0.16;44;64;71;57;17478;6505;13.73;12.09;9245;8233;3293;3212;6.32;7.41;5.65;6.44;0.14;0.12;0.08;0.11;1273.20;537.99;1463.47;1111.00;582.51;498.90;28.53
4;94;0.42;11.85;0.00;0.13;76;60;62;83;16949;11264;20.20;19.32;8370;8579;5282;5982;10.68;9.53;7.32;12.00;0.14;0.16;0.12;0.14;839.02;583.03;784.06;900.62;722.02;498.32;28.90
23;51;2.41;5.96;0.05;0.12;65;54;48;46;12762;16123;20.44;21.21;6455;6307;8304;7819;10.19;10.25;8.29;12.92;0.16;0.19;0.17;0.28;624.47;760.03;633.39;615.59;1001.41;605.12;28.86
7;44;1.50;5.77;0.03;0.13;51;66;69;91;14514;6953;17.35;15.38;7837;6677;3781;3172;9.51;7.84;7.73;7.64;0.19;0.12;0.11;0.08;836.60;452.15;823.96;851.94;488.92;414.95;28.81
4;44;0.38;5.59;0.01;0.13;55;46;60;49;24281;19513;16.02;15.16;12632;11649;10064;9449;8.55;7.47;7.85;7.31;0.16;0.16;0.13;0.15;1515.42;1286.82;1476.61;1559.88;1282.21;1291.76;28.63
2;15;0.40;2.24;0.03;0.15;34;36;42;25;6539;6869;7.78;7.21;2818;3721;3327;3542;3.49;4.29;3.76;3.45;0.10;0.12;0.09;0.14;841.01;952.16;807.90;867.95;884.85;1025.43;28.56
12;52;1.10;6.18;0.02;0.12;62;74;63;71;17685;14753;18.21;17.49;8832;8853;7379;7374;9.77;8.44;7.06;10.43;0.16;0.11;0.11;0.15;971.12;843.68;903.69;1049.23;1045.91;706.91;28.59
9;67;0.87;8.36;0.01;0.12;65;64;51;66;13801;12913;17.01;14.47;6928;6873;6464;6449;9.17;7.84;6.39;8.08;0.14;0.12;0.13;0.12;811.20;892.42;755.40;876.47;1011.22;798.40;28.63
3;7;1.10;0.83;0.16;0.12;38;46;51;35;12079;5282;9.27;9.11;6289;5790;2727;2555;3.76;5.52;4.37;4.73;0.10;0.12;0.09;0.14;1302.53;580.05;1674.47;1049.36;623.46;539.92;28.73
7;27;3.25;4.02;0.12;0.15;52;69;73;58;11242;7224;15.09;13.66;5588;5654;3726;3498;7.14;7.94;6.11;7.54;0.14;0.12;0.08;0.13;745.20;529.02;782.10;712.00;609.52;463.78;28.54
3;7;0.27;0.77;0.04;0.11;43;45;52;51;19200;10647;13.07;11.70;9599;9601;5460;5187;5.49;7.58;6.60;5.10;0.13;0.17;0.13;0.10;1468.91;910.19;1747.72;1266.86;827.68;1016.91;28.58
13;71;1.19;8.70;0.02;0.12;68;61;73;72;12963;11685;19.11;17.77;7200;5763;6260;5425;11.22;7.89;8.91;8.86;0.17;0.13;0.12;0.12;678.34;657.74;641.58;730.64;702.81;612.41;28.71
7;63;0.70;9.17;0.01;0.15;56;67;73;70;18669;7792;19.45;17.88;9483;9186;3948;3844;10.43;9.02;8.47;9.41;0.19;0.13;0.12;0.13;959.95;435.85;909.26;1018.57;466.19;408.54;28.81
5;59;0.51;7.99;0.01;0.14;67;54;55;70;11523;8593;15.86;15.09;5138;6385;3886;4707;8.45;7.41;5.75;9.34;0.13;0.14;0.10;0.13;726.70;569.59;608.39;861.52;676.29;503.95;28.78
6;45;0.91;6.11;0.02;0.14;57;52;62;67;19470;7731;17.84;16.38;9853;9617;3993;3738;9.57;8.27;7.71;8.67;0.17;0.16;0.12;0.13;1091.54;472.05;1029.79;1163.00;517.81;431.34;28.78
5;28;4.10;4.20;0.15;0.15;67;33;50;62;13035;6342;9.08;7.58;7107;5928;3423;2919;5.74;3.35;3.64;3.94;0.09;0.10;0.07;0.06;1435.21;836.84;1238.81;1772.02;941.40;740.42;28.72
1;4;0.08;0.48;0.02;0.12;28;15;27;12;5616;4160;4.32;3.84;2482;3134;2188;1972;2.28;2.04;2.35;1.49;0.08;0.14;0.09;0.12;1299.77;1083.84;1090.54;1532.64;932.33;1322.27;28.33
7;55;1.47;7.00;0.03;0.13;51;62;70;60;19276;13407;18.28;17.31;9490;9786;7020;6387;8.48;9.80;8.63;8.68;0.17;0.16;0.12;0.14;1054.61;774.45;1119.32;998.63;813.30;735.82;28.92
9;35;0.88;4.26;0.03;0.12;56;49;52;57;24494;13989;17.88;16.04;12838;11656;7126;6863;10.04;7.84;6.92;9.12;0.18;0.16;0.13;0.16;1369.85;872.22;1278.38;1487.02;1029.84;752.62;28.71
4;1;3.66;0.11;3.66;0.11;30;30;22;32;9645;4856;6.68;6.65;4760;4885;2577;2279;2.77;3.91;2.95;3.70;0.09;0.13;0.13;0.12;1443.13;729.98;1717.65;1248.67;873.86;615.41;28.43
13;57;1.32;7.41;0.02;0.13;56;77;66;73;21954;9483;21.41;19.27;11082;10872;4662;4821;9.91;11.49;8.75;10.52;0.18;0.15;0.13;0.14;1025.55;492.17;1117.72;946.03;532.91;458.29;28.87
8;54;0.77;6.91;0.01;0.13;56;76;58;55;10509;16258;19.54;19.44;5235;5274;8155;8103;9.56;9.98;8.15;11.29;0.17;0.13;0.14;0.21;537.82;836.30;547.32;528.71;1000.79;717.60;28.76
7;50;0.68;7.03;0.01;0.14;41;69;68;58;11933;8191;16.32;14.17;6152;5781;4104;4087;8.34;7.98;7.08;7.09;0.20;0.12;0.10;0.12;731.09;578.15;737.51;724.38;580.03;576.28;28.48
7;24;0.68;3.17;0.03;0.13;42;38;39;37;9488;8204;11.86;12.11;5136;4352;4474;3730;6.64;5.22;5.98;6.13;0.16;0.14;0.15;0.17;800.08;677.28;773.07;834.48;747.60;608.62;28.78
9;65;1.21;8.10;0.02;0.12;50;55;69;71;15145;10903;21.78;20.30;7652;7493;5190;5713;10.67;11.11;8.31;11.99;0.21;0.20;0.12;0.17;695.32;537.02;717.27;674.26;624.53;476.39;28.83
13;23;1.13;2.55;0.05;0.11;56;48;64;68;17261;12600;19.30;18.00;8550;8711;6403;6197;10.15;9.15;8.20;9.80;0.18;0.19;0.13;0.14;894.49;699.91;842.54;952.11;780.61;632.37;28.69
16;56;1.39;6.42;0.02;0.11;52;49;47;72;17867;19508;22.19;22.69;8732;9135;9731;9777;11.49;10.70;9.32;13.37;0.22;0.22;0.20;0.19;805.17;859.65;760.01;853.66;1044.10;731.10;28.88
4;8;3.29;1.08;0.41;0.14;35;46;43;61;6237;3289;10.18;8.26;2858;3379;1356;1933;4.06;6.12;2.86;5.40;0.12;0.13;0.07;0.09;612.65;398.41;703.31;552.42;474.12;358.28;28.40
13;46;1.23;5.65;0.03;0.12;52;48;69;58;17280;8950;18.85;18.28;8463;8817;4325;4625;9.21;9.63;9.13;9.15;0.18;0.20;0.13;0.16;916.95;489.47;918.65;915.33;473.48;505.44;28.69
18;59;1.75;6.72;0.03;0.11;63;57;56;69;17163;17416;19.07;19.00;8269;8894;8760;8656;9.83;9.24;7.43;11.57;0.16;0.16;0.13;0.17;899.94;916.63;840.79;962.91;1178.58;748.31;28.67
18;40;1.69;4.82;0.04;0.12;48;60;63;52;18830;12097;18.81;17.03;9157;9673;5794;6303;9.28;9.54;7.79;9.23;0.19;0.16;0.12;0.18;1000.99;710.44;987.26;1014.34;743.53;682.52;28.59
4;11;18.52;1.42;1.68;0.13;37;19;27;31;4681;1669;5.15;4.95;2919;1762;1133;536;2.81;2.35;3.01;1.94;0.08;0.12;0.11;0.06;908.49;337.02;1039.83;751.29;376.66;275.69;28.40
15;43;1.47;4.60;0.03;0.11;54;54;54;65;13640;15418;18.75;18.21;6630;7010;7416;8002;8.92;9.83;7.00;11.21;0.17;0.18;0.13;0.17;727.53;846.76;743.64;712.92;1059.54;713.89;28.56
20;34;1.91;3.88;0.06;0.11;64;63;63;66;13827;10530;16.36;15.98;7528;6299;5430;5100;9.43;6.93;7.76;8.21;0.15;0.11;0.12;0.12;845.11;659.12;798.20;908.95;699.51;620.94;28.69
23;35;2.39;3.71;0.07;0.11;52;44;53;60;21350;17964;17.48;16.99;10996;10354;9109;8855;9.12;8.36;7.45;9.54;0.18;0.19;0.14;0.16;1221.11;1057.17;1205.12;1238.57;1222.44;928.10;28.68
3;19;1.51;2.36;0.08;0.12;34;50;39;45;6522;4387;8.09;8.06;3099;3423;2677;1710;2.90;5.19;3.84;4.23;0.09;0.10;0.10;0.09;805.93;544.09;1067.57;659.58;697.61;404.67;28.38
10;49;1.46;5.91;0.03;0.12;72;50;67;64;21379;13094;19.96;18.31;10269;11110;6365;6729;11.48;8.48;7.50;10.80;0.16;0.17;0.11;0.17;1071.15;715.23;894.72;1309.89;848.18;622.88;28.59
7;31;0.57;4.08;0.02;0.13;44;60;50;64;11487;11610;15.60;13.39;4985;6502;5686;5924;6.46;9.14;5.16;8.22;0.15;0.15;0.10;0.13;736.33;867.28;771.42;711.52;1101.33;720.34;28.53
5;25;0.81;3.01;0.03;0.12;40;39;62;50;9285;6915;13.91;12.33;5237;4048;3900;3015;7.00;6.91;5.50;6.83;0.18;0.18;0.09;0.14;667.53;560.74;747.96;586.01;708.86;441.43;28.49
17;48;1.74;5.97;0.04;0.12;67;81;71;71;12275;9120;17.34;15.10;6125;6150;4577;4543;7.74;9.60;6.97;8.13;0.12;0.12;0.10;0.11;707.73;604.05;791.30;640.38;656.64;558.94;28.60
24;51;2.28;6.50;0.04;0.13;65;65;69;72;19826;13192;20.95;19.34;9947;9879;6779;6413;9.57;11.38;8.11;11.23;0.15;0.18;0.12;0.16;946.28;682.02;1039.00;868.27;835.76;570.99;28.83
9;2;12.60;0.19;6.30;0.10;29;24;36;32;4678;2609;5.69;4.96;2372;2306;1343;1266;3.20;2.49;2.27;2.69;0.11;0.10;0.06;0.08;822.42;525.89;741.42;926.54;591.91;470.25;28.23
28;59;2.56;6.39;0.04;0.11;69;60;57;65;19101;14704;20.49;19.23;9309;9792;7491;7213;11.16;9.33;8.47;10.76;0.16;0.16;0.15;0.17;932.34;764.81;834.47;1049.34;884.42;670.62;29.08
8;64;0.77;7.64;0.01;0.12;61;71;63;65;16132;11375;18.17;17.71;7794;8338;5579;5796;9.45;8.73;7.37;10.34;0.15;0.12;0.12;0.16;887.65;642.26;825.14;955.30;757.18;560.39;28.70
11;19;4.41;2.64;0.23;0.14;48;38;60;39;16017;8133;14.03;13.27;8146;7871;4117;4016;6.92;7.12;7.28;5.98;0.14;0.19;0.12;0.15;1141.38;612.94;1177.86;1105.93;565.14;671.12;28.71
2;47;0.18;6.49;0.00;0.14;45;63;48;59;16474;18715;16.77;15.08;7776;8698;9003;9712;7.38;9.39;5.76;9.32;0.16;0.15;0.12;0.16;982.32;1240.83;1053.00;926.70;1562.38;1042.02;28.69
7;20;12.27;2.49;0.61;0.12;53;40;50;46;9527;7761;8.97;8.66;5400;4127;4037;3724;4.87;4.10;4.08;4.58;0.09;0.10;0.08;0.10;1062.19;896.04;1109.81;1005.72;989.59;812.75;28.48
22;55;1.97;6.48;0.04;0.12;69;76;78;80;18039;12653;18.87;17.39;9014;9025;6408;6245;10.04;8.83;7.05;10.34;0.15;0.12;0.09;0.13;955.75;727.65;897.39;1022.15;909.53;603.76;28.75
13;19;1.25;2.13;0.07;0.11;44;64;55;55;14180;11286;14.19;13.21;7647;6533;5479;5807;7.07;7.13;6.04;7.18;0.16;0.11;0.11;0.13;998.95;854.12;1081.66;916.88;907.46;809.25;28.61
2;3;2.66;0.28;0.89;0.09;51;66;65;59;16537;12942;10.60;9.75;8489;8048;6343;6599;4.61;5.99;4.18;5.58;0.09;0.09;0.06;0.09;1559.94;1326.71;1840.21;1344.03;1518.93;1182.83;28.57
12;37;1.74;4.59;0.05;0.12;53;63;59;55;17235;10810;15.65;14.62;8841;8394;5743;5067;7.57;8.08;7.94;6.68;0.14;0.13;0.13;0.12;1101.21;739.48;1167.80;1038.81;723.35;758.66;28.57
22;48;4.19;5.67;0.09;0.12;45;60;59;54;21677;14218;16.55;16.10;10609;11068;6809;7409;7.63;8.91;7.29;8.81;0.17;0.15;0.12;0.16;1310.02;882.94;1389.65;1241.80;933.72;840.91;28.84
4;3;11.46;0.36;3.82;0.12;52;20;38;17;10356;4932;7.13;6.93;5178;5178;2466;2466;3.14;3.98;3.35;3.58;0.06;0.20;0.09;0.21;1453.34;711.83;1647.67;1300.02;735.65;689.51;28.79
11;17;1.92;1.87;0.11;0.11;45;69;68;43;21134;15759;15.06;14.95;10808;10326;7632;8127;7.30;7.76;7.16;7.79;0.16;0.11;0.11;0.18;1403.22;1054.21;1480.72;1330.34;1066.56;1042.87;28.72
0;14;0.00;1.57;0.00;0.11;18;16;16;29;5688;2489;3.70;3.85;2873;2815;1111;1378;1.92;1.78;1.26;2.60;0.11;0.11;0.08;0.09;1536.57;645.88;1495.47;1580.91;883.25;530.86;28.35
12;32;1.15;3.92;0.04;0.12;52;33;54;57;10182;10412;13.66;13.77;4775;5407;5192;5220;8.04;5.62;6.32;7.45;0.15;0.17;0.12;0.13;745.39;756.41;593.62;962.76;821.68;701.02;28.78
