qt_l_click;qt_r_click;total_time_l_click;total_time_r_click;avg_time_l_click;avg_time_r_click;l_mov_count;r_mov_count;u_mov_count;d_mov_count;total_hor_dist;total_ver_dist;total_hor_time;total_ver_time;total_dist_l_mov;total_dist_r_mov;total_dist_u_mov;total_dist_d_mov;total_time_l_mov;total_time_r_mov;total_time_u_mov;total_time_d_mov;avg_time_l_mov;avg_time_r_mov;avg_time_u_mov;avg_time_d_mov;hor_speed;ver_speed;l_speed;r_speed;u_speed;d_speed;total_capture_time
11;0;2.51;0.00;2.51;0.00;28;47;49;32;6725;1940;6.57;6.11;3516;3209;843;1097;1.93;4.64;3.43;2.67;0.07;0.10;0.07;0.08;1023.50;317.69;1825.82;690.87;245.52;410.40;31.25
1;1;0.11;0.13;0.11;0.13;65;36;74;48;13249;2753;12.42;8.56;6480;6769;1508;1245;6.97;5.44;4.84;3.72;0.11;0.15;0.07;0.08;1067.12;321.56;929.05;1244.11;311.51;334.65;30.85
0;0;0.00;0.00;0.00;0.00;52;42;96;78;9336;985;12.84;7.88;5387;3949;450;535;7.93;4.91;4.07;3.81;0.15;0.12;0.04;0.05;727.31;125.01;679.35;804.82;110.58;140.42;31.32
3;2;0.78;0.29;0.39;0.14;32;29;33;36;9524;3958;9.55;7.18;4197;5327;1979;1979;3.72;5.83;3.92;3.27;0.12;0.20;0.12;0.09;997.25;550.93;1128.54;913.52;505.41;605.46;30.41
8;2;1.10;0.26;0.55;0.13;67;33;61;52;2883;1297;7.63;6.19;1495;1388;660;637;5.07;2.56;3.35;2.84;0.08;0.08;0.05;0.05;377.64;209.52;294.70;541.91;196.83;224.53;30.50
4;2;3.44;0.28;1.72;0.14;43;51;74;33;4900;3524;9.23;8.64;2835;2065;2014;1510;4.17;5.07;5.67;2.98;0.10;0.10;0.08;0.09;530.78;407.69;680.51;407.65;355.40;507.22;31.68
12;1;0.97;0.13;0.97;0.13;20;38;38;50;5879;1569;6.42;4.44;2820;3059;707;862;1.26;5.16;1.82;2.63;0.06;0.14;0.05;0.05;916.21;353.23;2242.82;592.91;389.16;328.37;32.31
9;2;5.01;0.31;2.50;0.16;26;57;49;69;7049;1148;9.25;6.26;4089;2960;626;522;3.95;5.30;2.83;3.42;0.15;0.09;0.06;0.05;761.72;183.53;1033.94;558.57;220.96;152.54;31.70
6;0;0.63;0.00;0.63;0.00;8;13;17;28;6452;956;4.00;3.48;2326;4126;314;642;1.49;2.50;1.31;2.17;0.19;0.19;0.08;0.08;1614.45;275.02;1558.82;1647.60;240.14;296.04;31.36
3;2;1.55;0.19;0.78;0.10;54;78;73;75;4256;928;9.72;6.60;2175;2081;350;578;4.61;5.11;2.89;3.70;0.09;0.07;0.04;0.05;437.73;140.65;471.63;407.14;120.93;156.07;32.15
6;1;5.78;0.18;5.78;0.18;44;90;111;68;6061;1005;12.80;7.29;3258;2803;452;553;5.35;7.46;4.19;3.10;0.12;0.08;0.04;0.05;473.47;137.83;609.44;375.98;107.84;178.38;32.10
10;1;1.12;0.24;1.12;0.24;50;52;74;36;9458;4745;11.73;11.33;5065;4393;2361;2384;5.28;6.44;6.63;4.70;0.11;0.12;0.09;0.13;806.63;418.74;959.17;681.64;356.02;507.23;31.25
4;3;3.13;0.37;1.04;0.12;46;55;49;47;4125;889;5.43;4.00;1905;2220;163;726;2.44;2.99;1.74;2.26;0.05;0.05;0.04;0.05;759.87;222.29;781.45;742.28;93.78;321.08;29.55
3;2;0.49;0.28;0.25;0.14;52;69;95;63;5882;1383;9.10;8.17;2612;3270;709;674;4.13;4.97;4.36;3.81;0.08;0.07;0.05;0.06;646.33;169.31;633.10;657.30;162.66;176.93;30.30
1;0;0.15;0.00;0.15;0.00;66;90;65;96;8563;982;14.53;7.02;4556;4007;508;474;7.43;7.09;3.22;3.80;0.11;0.08;0.05;0.04;589.46;139.88;612.78;565.01;157.68;124.78;30.47
5;1;0.46;0.21;0.46;0.21;64;36;98;41;3774;729;7.67;5.10;1494;2280;349;380;4.11;3.56;3.14;1.96;0.06;0.10;0.03;0.05;492.09;142.82;363.56;640.46;111.09;193.62;30.41
6;5;3.82;0.59;0.76;0.12;41;25;51;21;1571;333;3.71;1.97;1316;255;114;219;2.40;1.31;1.11;0.85;0.06;0.05;0.02;0.04;423.40;169.34;548.49;194.49;102.46;256.47;30.22
4;0;0.37;0.00;0.37;0.00;34;36;43;46;6776;2436;9.32;7.11;3263;3513;1425;1011;4.56;4.76;3.37;3.74;0.13;0.13;0.08;0.08;726.90;342.68;715.95;737.37;423.41;270.10;29.82
5;7;2.66;0.96;0.38;0.14;65;57;55;62;7551;868;8.99;5.04;4709;2842;441;427;4.17;4.82;2.52;2.52;0.06;0.08;0.05;0.04;840.11;172.15;1130.18;589.44;175.04;169.26;30.44
5;2;2.75;0.37;1.38;0.18;30;55;90;45;9114;3068;12.22;9.57;4557;4557;1795;1273;4.85;7.37;4.94;4.63;0.16;0.13;0.05;0.10;745.68;320.50;938.77;618.46;363.33;274.83;30.36
3;2;0.38;0.39;0.19;0.20;9;34;29;38;2205;1121;3.36;2.85;720;1485;315;806;0.92;2.44;1.21;1.64;0.10;0.07;0.04;0.04;656.96;393.13;786.04;608.52;260.41;490.92;29.67
6;4;3.10;0.52;0.77;0.13;68;37;89;38;9265;922;7.77;6.07;4600;4665;435;487;4.96;2.81;3.25;2.82;0.07;0.08;0.04;0.07;1191.77;151.92;927.14;1658.57;134.04;172.47;30.38
3;9;0.26;0.97;0.03;0.11;37;32;56;41;7994;3536;9.61;9.00;4141;3853;1816;1720;4.17;5.44;5.37;3.62;0.11;0.17;0.10;0.09;831.87;393.08;993.07;708.30;337.89;474.99;29.60
5;0;1.02;0.00;1.02;0.00;56;49;45;54;12796;2917;13.56;9.82;6630;6166;1339;1578;6.31;7.25;4.32;5.51;0.11;0.15;0.10;0.10;943.74;296.92;1051.28;850.23;310.12;286.58;41.92
18;2;1.82;0.43;0.91;0.21;36;54;59;60;8366;3817;12.50;11.65;4948;3418;1896;1921;6.32;6.17;6.14;5.52;0.18;0.11;0.10;0.09;669.54;327.51;782.52;553.80;308.90;348.21;43.70
23;0;1.97;0.00;1.97;0.00;39;54;59;61;15623;1678;14.94;11.55;7638;7985;790;888;6.56;8.39;5.47;6.09;0.17;0.16;0.09;0.10;1045.37;145.26;1164.73;952.05;144.52;145.93;44.45
2;1;1.57;0.14;1.57;0.14;54;58;118;58;17684;3701;16.89;14.40;9038;8646;1890;1811;8.13;8.76;8.25;6.15;0.15;0.15;0.07;0.11;1046.87;257.05;1111.82;986.61;229.07;294.60;40.87
3;0;0.52;0.00;0.52;0.00;21;18;26;16;1206;437;3.38;2.48;572;634;350;87;1.17;2.21;1.75;0.72;0.06;0.12;0.07;0.05;357.15;176.46;490.72;286.74;199.74;120.13;39.24
4;1;0.33;0.10;0.33;0.10;65;45;88;69;6039;2419;13.81;12.76;2725;3314;1269;1150;7.01;6.80;6.80;5.96;0.11;0.15;0.08;0.09;437.38;189.63;388.91;487.32;186.62;193.07;41.86
4;2;0.94;0.21;0.47;0.11;48;43;92;52;7383;2795;11.63;10.38;3216;4167;1522;1273;5.96;5.68;5.89;4.49;0.12;0.13;0.06;0.09;634.59;269.19;539.70;734.21;258.45;283.27;40.46
4;0;0.59;0.00;0.59;0.00;65;37;70;76;10143;863;14.80;8.67;4513;5630;404;459;8.82;5.98;3.96;4.71;0.14;0.16;0.06;0.06;685.19;99.56;511.54;941.36;102.05;97.47;40.83
9;1;0.95;0.08;0.95;0.08;39;57;53;38;11571;4059;12.68;9.97;6259;5312;2097;1962;5.53;7.14;5.80;4.17;0.14;0.13;0.11;0.11;912.65;407.22;1130.96;743.54;361.84;470.26;38.49
9;5;2.03;2.41;0.41;0.48;32;32;55;29;13516;3033;10.33;8.82;6242;7274;1294;1739;5.65;4.68;4.76;4.06;0.18;0.15;0.09;0.14;1308.78;343.87;1105.35;1554.24;272.05;427.94;38.29
0;0;0.00;0.00;0.00;0.00;0;0;0;0;0;0;0.00;0.00;0;0;0;0;0.00;0.00;0.00;0.00;0.00;0.00;0.00;0.00;1.00;1.00;1.00;1.00;1.00;1.00;36.88
7;2;0.72;0.27;0.36;0.14;38;27;44;38;5819;2268;9.61;7.26;2876;2943;819;1449;4.60;5.01;4.27;2.99;0.12;0.19;0.10;0.08;605.24;312.33;625.00;587.10;191.78;484.43;42.63
3;2;1.14;0.79;0.57;0.40;36;38;52;49;7575;1671;10.57;7.75;2943;4632;867;804;3.52;7.04;3.99;3.76;0.10;0.19;0.08;0.08;716.87;215.61;835.17;657.67;217.24;213.88;37.95
